# data file: O:\Labs\Laser-Lab 7-105a\BLS\BLS Data\2017-06-01\NRCL\2017-06-01_M1_const2p8GHz_0dBm_kepco_-0p15to0p15_both_pos_F3.tha
# data: TFPDAS4-Project - COUNTS ACC
# x axis: Kepco_XPS - Control Voltage Kepco
# y axis: Frequency
# x offset/multiplier: -1.500000E-1 / 5.000000E-3
# y offset/multiplier: -6.600000E+0 / 7.500000E-2
# Agilent_E8257D - FREQUENCY (Hz) - repetition: sum
# Kepco_XPS - Control Voltage Kepco - repetition: sum
# MICROSCOPE - ScanDimension_1 - repetition: sum
# Agilent_E8257D - FREQUENCY (Hz) - value: 2.800000E+9
# Kepco_XPS - Control Voltage Kepco - value: -1.500000E-1
# MICROSCOPE - ScanDimension_1 - value: 1.000000E+0
# Frequency between: -6.600000E+0 and 2.925000E+0 GHz
0.000E+0	1.000E+0	0.000E+0	0.000E+0	0.000E+0	0.000E+0	0.000E+0	0.000E+0	0.000E+0	0.000E+0	0.000E+0	0.000E+0	0.000E+0	1.000E+0	0.000E+0	0.000E+0	0.000E+0	2.000E+0	1.000E+0	0.000E+0	0.000E+0	0.000E+0	0.000E+0	1.000E+0	6.000E+0	2.100E+1	2.500E+1	2.800E+1	3.000E+1	3.400E+1	2.400E+1	2.000E+1	3.300E+1	2.100E+1	1.600E+1	1.800E+1	1.200E+1	1.800E+1	1.300E+1	1.600E+1	2.000E+1	2.900E+1	3.500E+1	3.600E+1	4.000E+1	3.500E+1	2.500E+1	1.800E+1	1.300E+1	1.200E+1	1.000E+1	5.000E+0	7.000E+0	8.000E+0	1.600E+1	2.000E+1	1.900E+1	3.700E+1	1.600E+1	1.500E+1	1.300E+1	1.700E+1	1.000E+1	2.200E+1	1.700E+1	2.000E+0	2.000E+0	0.000E+0	0.000E+0	0.000E+0	0.000E+0	1.000E+0	0.000E+0	0.000E+0	0.000E+0	0.000E+0	1.000E+0	0.000E+0	4.000E+0	5.000E+0	3.400E+1	1.430E+2	6.930E+2	2.513E+3	8.179E+3	1.847E+4	3.046E+4	3.896E+4	3.883E+4	3.031E+4	1.970E+4	9.926E+3	4.088E+3	1.454E+3	4.640E+2	1.310E+2	3.700E+1	2.400E+1	3.000E+0	0.000E+0	0.000E+0	0.000E+0	2.000E+0	0.000E+0	0.000E+0	0.000E+0	0.000E+0	0.000E+0	0.000E+0	0.000E+0	0.000E+0	0.000E+0	0.000E+0	0.000E+0	0.000E+0	0.000E+0	0.000E+0	0.000E+0	0.000E+0	0.000E+0	2.000E+0	0.000E+0	0.000E+0	0.000E+0	0.000E+0	0.000E+0	0.000E+0	0.000E+0
0.000E+0	0.000E+0	0.000E+0	0.000E+0	0.000E+0	0.000E+0	1.000E+0	0.000E+0	0.000E+0	0.000E+0	0.000E+0	0.000E+0	0.000E+0	0.000E+0	0.000E+0	0.000E+0	0.000E+0	1.000E+0	0.000E+0	0.000E+0	0.000E+0	0.000E+0	0.000E+0	2.000E+0	5.000E+0	2.200E+1	1.900E+1	2.100E+1	2.100E+1	3.100E+1	2.500E+1	3.100E+1	2.600E+1	2.100E+1	2.100E+1	2.400E+1	1.600E+1	2.400E+1	1.400E+1	2.400E+1	1.600E+1	2.300E+1	2.800E+1	3.400E+1	4.000E+1	3.900E+1	3.100E+1	2.500E+1	1.000E+1	1.500E+1	1.200E+1	7.000E+0	1.000E+1	8.000E+0	2.200E+1	2.800E+1	3.500E+1	4.100E+1	1.200E+1	1.700E+1	1.100E+1	1.300E+1	1.300E+1	1.800E+1	1.100E+1	2.000E+0	0.000E+0	0.000E+0	0.000E+0	0.000E+0	0.000E+0	0.000E+0	0.000E+0	0.000E+0	0.000E+0	1.000E+0	1.000E+0	0.000E+0	1.000E+0	5.000E+0	2.900E+1	1.470E+2	5.620E+2	2.018E+3	7.203E+3	1.886E+4	3.212E+4	4.025E+4	3.962E+4	3.065E+4	1.849E+4	8.812E+3	3.323E+3	1.023E+3	2.510E+2	7.100E+1	1.200E+1	2.000E+0	0.000E+0	0.000E+0	0.000E+0	0.000E+0	0.000E+0	0.000E+0	0.000E+0	0.000E+0	0.000E+0	0.000E+0	1.000E+0	0.000E+0	1.000E+0	0.000E+0	1.000E+0	0.000E+0	0.000E+0	0.000E+0	0.000E+0	0.000E+0	1.000E+0	0.000E+0	0.000E+0	0.000E+0	0.000E+0	2.000E+0	0.000E+0	0.000E+0	0.000E+0	0.000E+0
0.000E+0	1.000E+0	1.000E+0	0.000E+0	0.000E+0	0.000E+0	0.000E+0	0.000E+0	0.000E+0	0.000E+0	0.000E+0	0.000E+0	1.000E+0	0.000E+0	0.000E+0	0.000E+0	0.000E+0	1.000E+0	1.000E+0	0.000E+0	0.000E+0	0.000E+0	0.000E+0	1.000E+0	1.100E+1	2.700E+1	2.900E+1	2.300E+1	2.500E+1	2.500E+1	2.700E+1	3.600E+1	9.000E+0	2.900E+1	1.800E+1	1.000E+1	1.500E+1	1.300E+1	2.300E+1	1.300E+1	1.400E+1	3.500E+1	4.500E+1	4.100E+1	4.200E+1	3.000E+1	2.600E+1	2.000E+1	1.600E+1	1.200E+1	1.200E+1	1.500E+1	1.400E+1	1.400E+1	1.400E+1	3.100E+1	3.500E+1	4.500E+1	8.000E+0	7.000E+0	1.400E+1	1.300E+1	1.500E+1	1.500E+1	2.100E+1	1.000E+0	0.000E+0	0.000E+0	0.000E+0	0.000E+0	0.000E+0	0.000E+0	0.000E+0	0.000E+0	0.000E+0	0.000E+0	1.000E+0	1.000E+0	0.000E+0	9.000E+0	4.500E+1	1.910E+2	6.790E+2	2.321E+3	7.666E+3	1.894E+4	3.177E+4	4.038E+4	4.043E+4	3.121E+4	1.811E+4	8.437E+3	3.344E+3	9.360E+2	2.070E+2	6.200E+1	2.000E+1	2.000E+0	0.000E+0	1.000E+0	0.000E+0	1.000E+0	0.000E+0	0.000E+0	0.000E+0	0.000E+0	0.000E+0	0.000E+0	0.000E+0	0.000E+0	0.000E+0	1.000E+0	0.000E+0	0.000E+0	1.000E+0	0.000E+0	0.000E+0	0.000E+0	0.000E+0	0.000E+0	0.000E+0	1.000E+0	0.000E+0	0.000E+0	0.000E+0	0.000E+0	1.000E+0	0.000E+0
0.000E+0	0.000E+0	0.000E+0	0.000E+0	0.000E+0	0.000E+0	1.000E+0	0.000E+0	0.000E+0	1.000E+0	0.000E+0	0.000E+0	0.000E+0	0.000E+0	1.000E+0	3.000E+0	0.000E+0	0.000E+0	0.000E+0	0.000E+0	0.000E+0	0.000E+0	1.000E+0	0.000E+0	7.000E+0	2.200E+1	3.300E+1	3.700E+1	2.700E+1	2.300E+1	2.300E+1	3.500E+1	2.900E+1	2.600E+1	1.900E+1	1.600E+1	1.600E+1	1.200E+1	1.000E+1	1.700E+1	2.300E+1	2.500E+1	2.400E+1	5.100E+1	4.100E+1	2.600E+1	2.800E+1	1.700E+1	9.000E+0	1.300E+1	1.600E+1	7.000E+0	1.800E+1	1.200E+1	2.000E+1	2.500E+1	3.000E+1	3.200E+1	1.000E+1	1.200E+1	1.600E+1	1.300E+1	2.000E+1	2.300E+1	3.100E+1	0.000E+0	0.000E+0	1.000E+0	0.000E+0	1.000E+0	0.000E+0	0.000E+0	0.000E+0	0.000E+0	1.000E+0	0.000E+0	1.000E+0	2.000E+0	1.000E+0	1.200E+1	3.900E+1	1.470E+2	6.380E+2	2.553E+3	7.941E+3	1.912E+4	3.218E+4	3.997E+4	3.998E+4	3.113E+4	1.886E+4	8.684E+3	3.350E+3	1.006E+3	2.750E+2	5.800E+1	1.500E+1	3.000E+0	1.000E+0	0.000E+0	0.000E+0	2.000E+0	0.000E+0	0.000E+0	0.000E+0	1.000E+0	0.000E+0	1.000E+0	1.000E+0	0.000E+0	0.000E+0	0.000E+0	0.000E+0	0.000E+0	0.000E+0	0.000E+0	0.000E+0	0.000E+0	0.000E+0	0.000E+0	0.000E+0	0.000E+0	0.000E+0	1.000E+0	1.000E+0	0.000E+0	0.000E+0	0.000E+0
0.000E+0	0.000E+0	0.000E+0	0.000E+0	0.000E+0	0.000E+0	0.000E+0	0.000E+0	0.000E+0	0.000E+0	0.000E+0	0.000E+0	1.000E+0	0.000E+0	0.000E+0	0.000E+0	1.000E+0	0.000E+0	0.000E+0	0.000E+0	1.000E+0	0.000E+0	0.000E+0	0.000E+0	1.000E+1	2.600E+1	3.300E+1	2.400E+1	2.700E+1	2.300E+1	3.000E+1	3.700E+1	2.100E+1	2.700E+1	1.700E+1	1.700E+1	2.000E+1	1.200E+1	2.000E+1	2.400E+1	1.700E+1	3.000E+1	3.700E+1	4.600E+1	4.600E+1	3.400E+1	2.800E+1	2.500E+1	1.900E+1	1.300E+1	6.000E+0	1.100E+1	9.000E+0	2.200E+1	2.300E+1	2.200E+1	3.400E+1	3.400E+1	9.000E+0	1.300E+1	1.100E+1	1.500E+1	1.700E+1	1.500E+1	2.300E+1	1.000E+0	0.000E+0	1.000E+0	0.000E+0	0.000E+0	0.000E+0	0.000E+0	0.000E+0	0.000E+0	3.000E+0	0.000E+0	0.000E+0	2.000E+0	1.000E+0	7.000E+0	3.500E+1	2.040E+2	7.950E+2	2.616E+3	7.728E+3	1.877E+4	3.261E+4	4.112E+4	4.061E+4	3.202E+4	1.967E+4	8.907E+3	3.091E+3	9.600E+2	2.720E+2	6.000E+1	8.000E+0	3.000E+0	0.000E+0	0.000E+0	0.000E+0	0.000E+0	0.000E+0	0.000E+0	1.000E+0	0.000E+0	0.000E+0	1.000E+0	0.000E+0	0.000E+0	1.000E+0	0.000E+0	0.000E+0	0.000E+0	0.000E+0	0.000E+0	0.000E+0	1.000E+0	0.000E+0	0.000E+0	0.000E+0	0.000E+0	0.000E+0	0.000E+0	0.000E+0	0.000E+0	0.000E+0	0.000E+0
0.000E+0	0.000E+0	0.000E+0	0.000E+0	0.000E+0	1.000E+0	1.000E+0	0.000E+0	1.000E+0	0.000E+0	0.000E+0	0.000E+0	0.000E+0	0.000E+0	0.000E+0	0.000E+0	0.000E+0	0.000E+0	0.000E+0	0.000E+0	1.000E+0	0.000E+0	0.000E+0	0.000E+0	1.100E+1	1.500E+1	1.700E+1	1.800E+1	2.700E+1	3.000E+1	2.700E+1	2.700E+1	2.900E+1	2.100E+1	3.300E+1	2.400E+1	2.100E+1	1.300E+1	2.800E+1	1.500E+1	1.900E+1	2.500E+1	3.600E+1	5.000E+1	6.000E+1	3.800E+1	2.600E+1	2.000E+1	1.500E+1	1.200E+1	1.600E+1	9.000E+0	8.000E+0	1.500E+1	2.400E+1	2.400E+1	3.600E+1	3.500E+1	5.000E+0	1.300E+1	1.300E+1	1.800E+1	1.800E+1	3.100E+1	2.800E+1	1.000E+0	0.000E+0	0.000E+0	0.000E+0	0.000E+0	0.000E+0	0.000E+0	0.000E+0	0.000E+0	1.000E+0	0.000E+0	0.000E+0	0.000E+0	0.000E+0	8.000E+0	2.900E+1	1.630E+2	5.620E+2	2.203E+3	7.823E+3	1.917E+4	3.206E+4	4.046E+4	4.069E+4	3.126E+4	1.898E+4	8.850E+3	3.574E+3	1.043E+3	2.240E+2	5.000E+1	1.300E+1	4.000E+0	0.000E+0	0.000E+0	0.000E+0	0.000E+0	0.000E+0	0.000E+0	0.000E+0	0.000E+0	0.000E+0	0.000E+0	1.000E+0	0.000E+0	1.000E+0	0.000E+0	0.000E+0	0.000E+0	0.000E+0	0.000E+0	1.000E+0	0.000E+0	1.000E+0	0.000E+0	0.000E+0	1.000E+0	0.000E+0	0.000E+0	0.000E+0	0.000E+0	0.000E+0	0.000E+0
0.000E+0	1.000E+0	0.000E+0	0.000E+0	0.000E+0	0.000E+0	0.000E+0	0.000E+0	0.000E+0	0.000E+0	0.000E+0	0.000E+0	1.000E+0	0.000E+0	0.000E+0	1.000E+0	0.000E+0	0.000E+0	0.000E+0	0.000E+0	1.000E+0	0.000E+0	0.000E+0	0.000E+0	6.000E+0	2.800E+1	2.700E+1	3.100E+1	2.600E+1	2.500E+1	2.400E+1	2.400E+1	2.300E+1	2.700E+1	2.100E+1	2.300E+1	2.000E+1	1.900E+1	2.000E+1	1.900E+1	2.100E+1	3.200E+1	3.500E+1	5.000E+1	5.000E+1	4.000E+1	3.400E+1	2.100E+1	1.800E+1	1.700E+1	1.000E+1	1.400E+1	1.200E+1	9.000E+0	1.600E+1	2.400E+1	2.800E+1	3.000E+1	1.700E+1	1.000E+1	1.000E+1	1.300E+1	1.000E+1	1.600E+1	1.700E+1	0.000E+0	0.000E+0	0.000E+0	0.000E+0	1.000E+0	0.000E+0	0.000E+0	0.000E+0	0.000E+0	0.000E+0	0.000E+0	0.000E+0	1.000E+0	0.000E+0	8.000E+0	4.300E+1	1.590E+2	6.570E+2	2.592E+3	8.809E+3	1.939E+4	3.139E+4	4.115E+4	4.087E+4	3.162E+4	1.892E+4	9.761E+3	3.668E+3	9.890E+2	2.160E+2	4.900E+1	1.900E+1	3.000E+0	0.000E+0	0.000E+0	0.000E+0	0.000E+0	0.000E+0	0.000E+0	0.000E+0	0.000E+0	0.000E+0	0.000E+0	1.000E+0	0.000E+0	0.000E+0	1.000E+0	0.000E+0	1.000E+0	0.000E+0	1.000E+0	0.000E+0	0.000E+0	0.000E+0	0.000E+0	0.000E+0	0.000E+0	0.000E+0	0.000E+0	0.000E+0	0.000E+0	0.000E+0	0.000E+0
0.000E+0	0.000E+0	1.000E+0	0.000E+0	0.000E+0	1.000E+0	0.000E+0	0.000E+0	0.000E+0	0.000E+0	2.000E+0	0.000E+0	0.000E+0	0.000E+0	0.000E+0	1.000E+0	2.000E+0	0.000E+0	0.000E+0	0.000E+0	0.000E+0	0.000E+0	0.000E+0	1.000E+0	7.000E+0	1.200E+1	2.600E+1	3.200E+1	2.200E+1	3.000E+1	3.800E+1	2.400E+1	2.800E+1	2.100E+1	3.100E+1	2.300E+1	1.600E+1	1.200E+1	1.600E+1	1.800E+1	1.400E+1	3.700E+1	4.800E+1	4.600E+1	8.200E+1	3.500E+1	3.600E+1	2.300E+1	1.700E+1	1.600E+1	2.200E+1	1.500E+1	1.300E+1	1.600E+1	1.700E+1	3.100E+1	3.200E+1	4.400E+1	1.600E+1	1.500E+1	7.000E+0	9.000E+0	1.100E+1	2.000E+1	2.100E+1	2.000E+0	0.000E+0	0.000E+0	0.000E+0	0.000E+0	1.000E+0	0.000E+0	0.000E+0	0.000E+0	0.000E+0	0.000E+0	0.000E+0	2.000E+0	0.000E+0	6.000E+0	2.300E+1	1.490E+2	6.240E+2	2.120E+3	7.294E+3	1.847E+4	3.226E+4	4.083E+4	4.040E+4	3.115E+4	1.868E+4	8.757E+3	3.282E+3	9.460E+2	2.380E+2	4.000E+1	1.300E+1	2.000E+0	0.000E+0	1.000E+0	1.000E+0	1.000E+0	0.000E+0	0.000E+0	0.000E+0	0.000E+0	0.000E+0	0.000E+0	0.000E+0	0.000E+0	0.000E+0	0.000E+0	0.000E+0	0.000E+0	0.000E+0	0.000E+0	0.000E+0	0.000E+0	0.000E+0	0.000E+0	0.000E+0	0.000E+0	0.000E+0	0.000E+0	0.000E+0	0.000E+0	1.000E+0	0.000E+0
0.000E+0	0.000E+0	1.000E+0	0.000E+0	0.000E+0	1.000E+0	0.000E+0	0.000E+0	0.000E+0	0.000E+0	0.000E+0	0.000E+0	0.000E+0	0.000E+0	0.000E+0	0.000E+0	0.000E+0	0.000E+0	0.000E+0	0.000E+0	0.000E+0	1.000E+0	0.000E+0	0.000E+0	1.000E+1	2.900E+1	2.800E+1	2.200E+1	3.100E+1	3.600E+1	4.000E+1	3.000E+1	2.600E+1	2.200E+1	1.900E+1	1.900E+1	1.700E+1	2.200E+1	2.100E+1	2.400E+1	2.800E+1	3.100E+1	5.500E+1	6.200E+1	6.200E+1	3.300E+1	3.000E+1	2.700E+1	2.100E+1	1.400E+1	1.700E+1	8.000E+0	1.400E+1	1.900E+1	2.400E+1	1.800E+1	3.000E+1	4.300E+1	1.000E+1	1.100E+1	1.700E+1	1.000E+1	2.000E+1	1.600E+1	2.600E+1	1.000E+0	0.000E+0	0.000E+0	0.000E+0	0.000E+0	0.000E+0	0.000E+0	0.000E+0	0.000E+0	1.000E+0	1.000E+0	0.000E+0	0.000E+0	0.000E+0	7.000E+0	2.800E+1	1.290E+2	5.140E+2	2.163E+3	7.695E+3	1.890E+4	3.261E+4	4.101E+4	4.091E+4	3.161E+4	1.909E+4	9.197E+3	3.619E+3	1.058E+3	2.560E+2	5.700E+1	2.000E+1	3.000E+0	2.000E+0	1.000E+0	0.000E+0	0.000E+0	0.000E+0	0.000E+0	0.000E+0	0.000E+0	0.000E+0	0.000E+0	1.000E+0	0.000E+0	0.000E+0	0.000E+0	0.000E+0	0.000E+0	0.000E+0	0.000E+0	0.000E+0	0.000E+0	0.000E+0	1.000E+0	0.000E+0	0.000E+0	0.000E+0	0.000E+0	0.000E+0	0.000E+0	0.000E+0	0.000E+0
0.000E+0	0.000E+0	1.000E+0	0.000E+0	0.000E+0	0.000E+0	0.000E+0	0.000E+0	1.000E+0	0.000E+0	1.000E+0	0.000E+0	0.000E+0	0.000E+0	0.000E+0	0.000E+0	0.000E+0	0.000E+0	0.000E+0	0.000E+0	0.000E+0	0.000E+0	0.000E+0	1.000E+0	4.000E+0	2.600E+1	3.000E+1	2.500E+1	3.000E+1	3.000E+1	3.200E+1	3.000E+1	2.500E+1	1.600E+1	2.000E+1	2.100E+1	2.100E+1	1.900E+1	1.100E+1	1.600E+1	2.700E+1	3.600E+1	4.000E+1	5.100E+1	7.000E+1	4.600E+1	3.700E+1	2.800E+1	1.800E+1	2.000E+1	1.900E+1	1.600E+1	2.000E+1	1.100E+1	2.400E+1	2.200E+1	2.800E+1	4.900E+1	1.600E+1	1.200E+1	1.300E+1	1.400E+1	1.500E+1	1.500E+1	2.100E+1	1.000E+0	2.000E+0	1.000E+0	0.000E+0	0.000E+0	0.000E+0	0.000E+0	0.000E+0	1.000E+0	0.000E+0	0.000E+0	1.000E+0	3.000E+0	0.000E+0	3.000E+0	2.700E+1	1.620E+2	6.290E+2	2.324E+3	7.509E+3	1.920E+4	3.270E+4	4.126E+4	4.083E+4	3.167E+4	1.931E+4	8.902E+3	3.322E+3	1.017E+3	2.110E+2	4.500E+1	1.500E+1	2.000E+0	1.000E+0	1.000E+0	0.000E+0	0.000E+0	0.000E+0	0.000E+0	0.000E+0	0.000E+0	0.000E+0	0.000E+0	0.000E+0	1.000E+0	0.000E+0	0.000E+0	0.000E+0	0.000E+0	0.000E+0	0.000E+0	0.000E+0	0.000E+0	0.000E+0	0.000E+0	0.000E+0	0.000E+0	0.000E+0	0.000E+0	0.000E+0	0.000E+0	0.000E+0	0.000E+0
0.000E+0	0.000E+0	0.000E+0	0.000E+0	0.000E+0	0.000E+0	0.000E+0	1.000E+0	0.000E+0	0.000E+0	0.000E+0	0.000E+0	0.000E+0	0.000E+0	0.000E+0	0.000E+0	0.000E+0	0.000E+0	0.000E+0	0.000E+0	0.000E+0	0.000E+0	0.000E+0	0.000E+0	1.000E+1	2.300E+1	2.200E+1	2.400E+1	2.400E+1	2.400E+1	2.000E+1	2.400E+1	2.300E+1	2.600E+1	2.800E+1	1.800E+1	1.900E+1	2.600E+1	1.700E+1	2.300E+1	2.000E+1	3.600E+1	5.900E+1	7.700E+1	6.300E+1	4.800E+1	3.200E+1	2.000E+1	1.500E+1	1.300E+1	2.100E+1	1.400E+1	1.700E+1	1.300E+1	2.600E+1	2.000E+1	2.200E+1	4.800E+1	1.400E+1	1.300E+1	1.400E+1	1.100E+1	1.700E+1	1.700E+1	1.800E+1	1.000E+0	0.000E+0	1.000E+0	0.000E+0	0.000E+0	0.000E+0	0.000E+0	0.000E+0	1.000E+0	0.000E+0	0.000E+0	0.000E+0	0.000E+0	3.000E+0	9.000E+0	3.400E+1	1.210E+2	5.550E+2	2.433E+3	7.909E+3	1.851E+4	3.159E+4	4.037E+4	3.987E+4	3.076E+4	1.877E+4	9.050E+3	3.296E+3	9.500E+2	2.240E+2	4.000E+1	9.000E+0	2.000E+0	0.000E+0	0.000E+0	0.000E+0	1.000E+0	0.000E+0	0.000E+0	0.000E+0	1.000E+0	0.000E+0	1.000E+0	0.000E+0	1.000E+0	0.000E+0	0.000E+0	0.000E+0	0.000E+0	0.000E+0	0.000E+0	0.000E+0	0.000E+0	1.000E+0	0.000E+0	0.000E+0	0.000E+0	0.000E+0	1.000E+0	0.000E+0	0.000E+0	0.000E+0	0.000E+0
0.000E+0	0.000E+0	0.000E+0	0.000E+0	0.000E+0	0.000E+0	2.000E+0	0.000E+0	0.000E+0	0.000E+0	0.000E+0	0.000E+0	0.000E+0	0.000E+0	0.000E+0	0.000E+0	0.000E+0	0.000E+0	0.000E+0	0.000E+0	0.000E+0	0.000E+0	0.000E+0	2.000E+0	1.200E+1	2.600E+1	1.800E+1	2.000E+1	1.900E+1	2.700E+1	3.400E+1	3.300E+1	2.000E+1	1.900E+1	2.700E+1	2.600E+1	2.300E+1	1.300E+1	2.300E+1	2.800E+1	1.800E+1	2.600E+1	6.500E+1	6.200E+1	8.300E+1	7.000E+1	3.200E+1	1.900E+1	1.400E+1	8.000E+0	2.200E+1	1.700E+1	1.800E+1	1.200E+1	1.500E+1	3.000E+1	3.900E+1	3.700E+1	1.300E+1	1.400E+1	1.900E+1	1.300E+1	1.500E+1	2.100E+1	1.600E+1	0.000E+0	0.000E+0	1.000E+0	0.000E+0	0.000E+0	0.000E+0	0.000E+0	0.000E+0	0.000E+0	0.000E+0	0.000E+0	0.000E+0	0.000E+0	0.000E+0	1.000E+1	2.600E+1	1.570E+2	6.660E+2	2.387E+3	7.502E+3	1.793E+4	3.054E+4	3.933E+4	3.855E+4	2.994E+4	1.878E+4	8.853E+3	3.136E+3	9.120E+2	2.610E+2	4.900E+1	1.000E+1	2.000E+0	0.000E+0	0.000E+0	0.000E+0	0.000E+0	0.000E+0	0.000E+0	0.000E+0	0.000E+0	0.000E+0	0.000E+0	1.000E+0	0.000E+0	0.000E+0	0.000E+0	0.000E+0	0.000E+0	0.000E+0	0.000E+0	0.000E+0	1.000E+0	0.000E+0	0.000E+0	0.000E+0	1.000E+0	0.000E+0	0.000E+0	0.000E+0	0.000E+0	0.000E+0	0.000E+0
3.000E+0	0.000E+0	0.000E+0	1.000E+0	0.000E+0	0.000E+0	0.000E+0	0.000E+0	0.000E+0	0.000E+0	0.000E+0	0.000E+0	0.000E+0	0.000E+0	0.000E+0	0.000E+0	0.000E+0	0.000E+0	0.000E+0	0.000E+0	1.000E+0	1.000E+0	0.000E+0	0.000E+0	9.000E+0	1.700E+1	2.200E+1	2.400E+1	1.800E+1	2.900E+1	3.100E+1	2.600E+1	2.700E+1	2.000E+1	2.200E+1	2.200E+1	2.100E+1	1.800E+1	1.500E+1	2.300E+1	1.700E+1	3.700E+1	4.600E+1	5.800E+1	8.400E+1	5.000E+1	3.700E+1	1.600E+1	1.500E+1	1.600E+1	2.000E+1	9.000E+0	1.500E+1	1.700E+1	2.300E+1	3.300E+1	4.200E+1	3.700E+1	1.000E+1	1.000E+1	1.700E+1	1.400E+1	1.400E+1	9.000E+0	3.300E+1	0.000E+0	0.000E+0	0.000E+0	0.000E+0	0.000E+0	0.000E+0	2.000E+0	0.000E+0	0.000E+0	1.000E+0	0.000E+0	0.000E+0	0.000E+0	1.000E+0	3.000E+0	2.300E+1	1.550E+2	5.650E+2	2.140E+3	7.586E+3	1.833E+4	3.149E+4	4.007E+4	3.939E+4	3.085E+4	1.867E+4	8.996E+3	3.698E+3	1.067E+3	2.280E+2	5.300E+1	1.300E+1	1.000E+0	2.000E+0	0.000E+0	0.000E+0	0.000E+0	1.000E+0	0.000E+0	0.000E+0	0.000E+0	0.000E+0	0.000E+0	0.000E+0	0.000E+0	0.000E+0	1.000E+0	0.000E+0	0.000E+0	1.000E+0	0.000E+0	1.000E+0	0.000E+0	0.000E+0	0.000E+0	0.000E+0	0.000E+0	0.000E+0	1.000E+0	0.000E+0	0.000E+0	0.000E+0	0.000E+0
0.000E+0	0.000E+0	0.000E+0	0.000E+0	0.000E+0	0.000E+0	0.000E+0	0.000E+0	1.000E+0	1.000E+0	0.000E+0	0.000E+0	0.000E+0	0.000E+0	0.000E+0	0.000E+0	0.000E+0	0.000E+0	0.000E+0	1.000E+0	0.000E+0	0.000E+0	0.000E+0	0.000E+0	1.100E+1	1.400E+1	2.100E+1	2.100E+1	3.500E+1	2.300E+1	3.200E+1	1.800E+1	3.000E+1	2.200E+1	2.800E+1	1.900E+1	2.100E+1	2.500E+1	1.600E+1	1.900E+1	1.300E+1	3.300E+1	7.100E+1	7.300E+1	8.000E+1	6.600E+1	2.700E+1	3.100E+1	2.200E+1	1.600E+1	1.600E+1	1.600E+1	1.800E+1	1.600E+1	2.200E+1	2.700E+1	3.500E+1	4.400E+1	9.000E+0	1.300E+1	1.100E+1	1.200E+1	1.600E+1	1.600E+1	2.500E+1	0.000E+0	0.000E+0	0.000E+0	0.000E+0	0.000E+0	0.000E+0	0.000E+0	0.000E+0	1.000E+0	0.000E+0	0.000E+0	0.000E+0	1.000E+0	4.000E+0	6.000E+0	3.800E+1	1.630E+2	6.430E+2	2.220E+3	7.227E+3	1.803E+4	3.132E+4	3.889E+4	3.851E+4	3.059E+4	1.859E+4	8.595E+3	3.407E+3	1.048E+3	2.800E+2	6.000E+1	9.000E+0	3.000E+0	1.000E+0	0.000E+0	0.000E+0	0.000E+0	0.000E+0	0.000E+0	0.000E+0	0.000E+0	0.000E+0	0.000E+0	0.000E+0	0.000E+0	0.000E+0	1.000E+0	0.000E+0	0.000E+0	0.000E+0	0.000E+0	0.000E+0	0.000E+0	0.000E+0	0.000E+0	0.000E+0	0.000E+0	0.000E+0	0.000E+0	0.000E+0	0.000E+0	0.000E+0	0.000E+0
0.000E+0	0.000E+0	0.000E+0	0.000E+0	0.000E+0	0.000E+0	0.000E+0	0.000E+0	0.000E+0	1.000E+0	0.000E+0	0.000E+0	0.000E+0	0.000E+0	0.000E+0	1.000E+0	0.000E+0	0.000E+0	0.000E+0	1.000E+0	0.000E+0	0.000E+0	0.000E+0	0.000E+0	1.200E+1	2.000E+1	3.300E+1	1.900E+1	2.400E+1	3.000E+1	2.700E+1	1.700E+1	2.200E+1	2.800E+1	2.500E+1	2.700E+1	2.100E+1	2.600E+1	1.500E+1	1.200E+1	1.700E+1	2.700E+1	4.700E+1	6.000E+1	7.600E+1	4.600E+1	3.900E+1	2.500E+1	2.100E+1	9.000E+0	2.500E+1	2.000E+1	1.900E+1	2.400E+1	2.600E+1	3.200E+1	3.900E+1	3.700E+1	1.400E+1	7.000E+0	1.000E+1	1.300E+1	1.200E+1	2.100E+1	3.300E+1	1.000E+0	0.000E+0	0.000E+0	0.000E+0	0.000E+0	1.000E+0	1.000E+0	0.000E+0	0.000E+0	1.000E+0	0.000E+0	1.000E+0	0.000E+0	3.000E+0	1.000E+0	2.000E+1	1.180E+2	4.120E+2	1.704E+3	6.920E+3	1.824E+4	3.136E+4	3.996E+4	3.973E+4	3.047E+4	1.790E+4	8.101E+3	3.154E+3	1.013E+3	2.670E+2	6.700E+1	1.400E+1	4.000E+0	0.000E+0	0.000E+0	1.000E+0	0.000E+0	0.000E+0	0.000E+0	0.000E+0	0.000E+0	0.000E+0	1.000E+0	0.000E+0	0.000E+0	1.000E+0	0.000E+0	0.000E+0	0.000E+0	0.000E+0	0.000E+0	0.000E+0	0.000E+0	0.000E+0	0.000E+0	0.000E+0	0.000E+0	0.000E+0	0.000E+0	0.000E+0	0.000E+0	0.000E+0	0.000E+0
1.000E+0	0.000E+0	0.000E+0	0.000E+0	2.000E+0	0.000E+0	0.000E+0	0.000E+0	0.000E+0	0.000E+0	0.000E+0	1.000E+0	0.000E+0	0.000E+0	0.000E+0	0.000E+0	1.000E+0	0.000E+0	0.000E+0	0.000E+0	0.000E+0	0.000E+0	0.000E+0	2.000E+0	7.000E+0	1.900E+1	2.500E+1	2.300E+1	3.100E+1	2.900E+1	1.800E+1	2.200E+1	3.100E+1	2.700E+1	2.500E+1	1.900E+1	2.000E+1	2.500E+1	2.400E+1	1.800E+1	3.100E+1	2.900E+1	4.500E+1	7.500E+1	5.000E+1	5.600E+1	3.000E+1	2.300E+1	1.700E+1	2.000E+1	1.100E+1	1.600E+1	1.100E+1	2.500E+1	2.600E+1	2.700E+1	3.000E+1	4.100E+1	1.200E+1	1.300E+1	1.700E+1	2.100E+1	1.300E+1	1.000E+1	1.700E+1	2.000E+0	0.000E+0	1.000E+0	0.000E+0	1.000E+0	1.000E+0	0.000E+0	0.000E+0	0.000E+0	0.000E+0	0.000E+0	0.000E+0	1.000E+0	4.000E+0	4.000E+0	3.700E+1	1.250E+2	4.730E+2	2.066E+3	7.096E+3	1.838E+4	3.138E+4	4.001E+4	3.971E+4	3.046E+4	1.818E+4	8.454E+3	3.288E+3	1.042E+3	2.210E+2	3.900E+1	1.200E+1	3.000E+0	1.000E+0	0.000E+0	0.000E+0	0.000E+0	0.000E+0	2.000E+0	1.000E+0	0.000E+0	0.000E+0	0.000E+0	0.000E+0	0.000E+0	0.000E+0	0.000E+0	0.000E+0	0.000E+0	0.000E+0	1.000E+0	0.000E+0	0.000E+0	0.000E+0	0.000E+0	0.000E+0	0.000E+0	1.000E+0	0.000E+0	0.000E+0	0.000E+0	0.000E+0	0.000E+0
0.000E+0	0.000E+0	0.000E+0	0.000E+0	1.000E+0	0.000E+0	0.000E+0	0.000E+0	0.000E+0	0.000E+0	0.000E+0	0.000E+0	0.000E+0	0.000E+0	0.000E+0	0.000E+0	0.000E+0	1.000E+0	0.000E+0	0.000E+0	0.000E+0	0.000E+0	0.000E+0	0.000E+0	1.300E+1	2.300E+1	2.800E+1	1.600E+1	1.900E+1	1.900E+1	2.300E+1	3.100E+1	2.700E+1	1.800E+1	2.600E+1	2.300E+1	1.900E+1	2.500E+1	2.100E+1	2.100E+1	2.500E+1	3.200E+1	4.900E+1	5.300E+1	6.300E+1	4.600E+1	3.600E+1	2.500E+1	1.900E+1	1.600E+1	1.800E+1	1.300E+1	1.400E+1	2.500E+1	2.700E+1	4.800E+1	3.600E+1	4.000E+1	2.200E+1	1.500E+1	1.400E+1	1.500E+1	1.000E+1	2.100E+1	2.000E+1	2.000E+0	1.000E+0	0.000E+0	0.000E+0	0.000E+0	1.000E+0	0.000E+0	0.000E+0	0.000E+0	0.000E+0	0.000E+0	0.000E+0	1.000E+0	1.000E+0	1.200E+1	2.500E+1	1.530E+2	4.880E+2	2.106E+3	7.618E+3	1.867E+4	3.120E+4	3.937E+4	3.940E+4	2.999E+4	1.763E+4	8.164E+3	3.244E+3	9.790E+2	2.430E+2	3.700E+1	4.000E+0	0.000E+0	1.000E+0	0.000E+0	0.000E+0	0.000E+0	0.000E+0	0.000E+0	0.000E+0	0.000E+0	0.000E+0	0.000E+0	0.000E+0	2.000E+0	0.000E+0	0.000E+0	0.000E+0	0.000E+0	0.000E+0	0.000E+0	0.000E+0	0.000E+0	0.000E+0	1.000E+0	0.000E+0	0.000E+0	0.000E+0	1.000E+0	1.000E+0	0.000E+0	0.000E+0	0.000E+0
0.000E+0	0.000E+0	0.000E+0	0.000E+0	0.000E+0	0.000E+0	0.000E+0	0.000E+0	0.000E+0	0.000E+0	0.000E+0	0.000E+0	0.000E+0	0.000E+0	0.000E+0	0.000E+0	0.000E+0	1.000E+0	0.000E+0	0.000E+0	0.000E+0	0.000E+0	0.000E+0	0.000E+0	1.100E+1	2.400E+1	2.600E+1	1.800E+1	1.900E+1	3.600E+1	2.300E+1	2.000E+1	2.300E+1	2.200E+1	2.600E+1	2.400E+1	2.500E+1	1.400E+1	2.200E+1	2.100E+1	1.600E+1	2.400E+1	4.500E+1	7.300E+1	5.300E+1	4.400E+1	3.500E+1	3.100E+1	1.600E+1	1.900E+1	1.800E+1	1.600E+1	1.300E+1	1.700E+1	1.800E+1	2.300E+1	4.800E+1	5.200E+1	9.000E+0	1.100E+1	1.500E+1	1.000E+1	1.000E+1	1.100E+1	2.400E+1	2.000E+0	0.000E+0	0.000E+0	0.000E+0	0.000E+0	0.000E+0	0.000E+0	0.000E+0	0.000E+0	0.000E+0	0.000E+0	0.000E+0	2.000E+0	0.000E+0	7.000E+0	2.300E+1	1.390E+2	5.290E+2	2.190E+3	7.160E+3	1.750E+4	3.053E+4	3.903E+4	3.846E+4	3.006E+4	1.846E+4	8.534E+3	3.360E+3	1.045E+3	2.930E+2	6.500E+1	1.300E+1	6.000E+0	3.000E+0	0.000E+0	0.000E+0	1.000E+0	0.000E+0	0.000E+0	1.000E+0	0.000E+0	0.000E+0	0.000E+0	0.000E+0	0.000E+0	0.000E+0	0.000E+0	0.000E+0	0.000E+0	0.000E+0	2.000E+0	0.000E+0	1.000E+0	0.000E+0	0.000E+0	0.000E+0	0.000E+0	0.000E+0	0.000E+0	0.000E+0	0.000E+0	0.000E+0	0.000E+0
0.000E+0	0.000E+0	0.000E+0	1.000E+0	0.000E+0	0.000E+0	0.000E+0	0.000E+0	0.000E+0	1.000E+0	1.000E+0	0.000E+0	0.000E+0	0.000E+0	1.000E+0	0.000E+0	0.000E+0	0.000E+0	0.000E+0	0.000E+0	0.000E+0	1.000E+0	0.000E+0	0.000E+0	5.000E+0	2.000E+1	2.200E+1	3.300E+1	3.600E+1	1.800E+1	3.200E+1	1.400E+1	2.900E+1	2.700E+1	2.200E+1	2.800E+1	2.100E+1	2.200E+1	2.500E+1	1.500E+1	2.200E+1	4.500E+1	5.000E+1	7.100E+1	6.000E+1	5.800E+1	2.900E+1	2.800E+1	2.000E+1	2.100E+1	1.700E+1	1.600E+1	1.700E+1	2.100E+1	2.200E+1	2.200E+1	3.400E+1	3.400E+1	2.000E+1	2.000E+1	1.400E+1	1.600E+1	1.500E+1	1.700E+1	2.200E+1	4.000E+0	0.000E+0	0.000E+0	1.000E+0	1.000E+0	0.000E+0	0.000E+0	0.000E+0	0.000E+0	0.000E+0	0.000E+0	0.000E+0	1.000E+0	1.000E+0	5.000E+0	3.200E+1	1.380E+2	6.010E+2	2.027E+3	7.009E+3	1.793E+4	3.128E+4	3.960E+4	3.951E+4	3.094E+4	1.844E+4	8.420E+3	3.031E+3	1.074E+3	2.650E+2	6.200E+1	1.000E+1	2.000E+0	2.000E+0	0.000E+0	1.000E+0	1.000E+0	0.000E+0	0.000E+0	0.000E+0	0.000E+0	0.000E+0	0.000E+0	0.000E+0	1.000E+0	0.000E+0	1.000E+0	0.000E+0	0.000E+0	0.000E+0	0.000E+0	0.000E+0	1.000E+0	1.000E+0	0.000E+0	0.000E+0	0.000E+0	0.000E+0	0.000E+0	0.000E+0	0.000E+0	1.000E+0	1.000E+0
0.000E+0	0.000E+0	0.000E+0	1.000E+0	0.000E+0	0.000E+0	0.000E+0	0.000E+0	0.000E+0	0.000E+0	0.000E+0	0.000E+0	0.000E+0	1.000E+0	0.000E+0	0.000E+0	0.000E+0	0.000E+0	0.000E+0	0.000E+0	0.000E+0	0.000E+0	1.000E+0	0.000E+0	1.300E+1	2.600E+1	2.300E+1	2.100E+1	1.800E+1	2.900E+1	2.100E+1	2.600E+1	2.400E+1	2.700E+1	2.300E+1	1.600E+1	1.900E+1	1.500E+1	1.400E+1	1.700E+1	1.900E+1	2.200E+1	2.900E+1	5.200E+1	5.700E+1	4.500E+1	2.500E+1	1.900E+1	1.900E+1	2.500E+1	1.000E+1	2.000E+1	2.200E+1	1.700E+1	2.700E+1	3.500E+1	4.600E+1	4.700E+1	8.000E+0	1.100E+1	7.000E+0	1.400E+1	1.400E+1	1.500E+1	2.700E+1	0.000E+0	0.000E+0	0.000E+0	0.000E+0	0.000E+0	0.000E+0	0.000E+0	0.000E+0	0.000E+0	1.000E+0	0.000E+0	1.000E+0	1.000E+0	2.000E+0	1.200E+1	3.200E+1	1.240E+2	7.030E+2	2.745E+3	8.222E+3	1.863E+4	2.990E+4	3.831E+4	3.741E+4	2.819E+4	1.786E+4	8.926E+3	3.597E+3	1.161E+3	3.220E+2	8.600E+1	1.600E+1	7.000E+0	0.000E+0	0.000E+0	0.000E+0	0.000E+0	0.000E+0	0.000E+0	0.000E+0	1.000E+0	0.000E+0	0.000E+0	0.000E+0	0.000E+0	0.000E+0	0.000E+0	0.000E+0	0.000E+0	0.000E+0	0.000E+0	0.000E+0	0.000E+0	0.000E+0	0.000E+0	0.000E+0	0.000E+0	0.000E+0	0.000E+0	0.000E+0	0.000E+0	0.000E+0	0.000E+0
0.000E+0	1.000E+0	0.000E+0	0.000E+0	0.000E+0	0.000E+0	0.000E+0	0.000E+0	0.000E+0	0.000E+0	0.000E+0	0.000E+0	0.000E+0	1.000E+0	0.000E+0	1.000E+0	0.000E+0	0.000E+0	0.000E+0	0.000E+0	0.000E+0	0.000E+0	0.000E+0	0.000E+0	1.300E+1	2.500E+1	2.300E+1	2.100E+1	2.400E+1	2.300E+1	2.100E+1	2.700E+1	2.400E+1	1.900E+1	3.000E+1	2.000E+1	2.400E+1	1.800E+1	2.400E+1	2.400E+1	1.700E+1	2.000E+1	2.200E+1	4.500E+1	5.900E+1	4.100E+1	3.800E+1	3.000E+1	2.000E+1	2.800E+1	2.000E+1	2.200E+1	2.000E+1	1.100E+1	2.500E+1	2.400E+1	3.200E+1	3.900E+1	4.000E+0	1.300E+1	1.200E+1	1.300E+1	1.500E+1	1.300E+1	1.900E+1	0.000E+0	0.000E+0	0.000E+0	0.000E+0	0.000E+0	1.000E+0	0.000E+0	0.000E+0	0.000E+0	1.000E+0	0.000E+0	2.000E+0	1.000E+0	1.000E+0	6.000E+0	2.900E+1	1.450E+2	6.690E+2	2.493E+3	7.569E+3	1.834E+4	3.144E+4	3.933E+4	3.896E+4	3.077E+4	1.853E+4	8.974E+3	3.200E+3	8.910E+2	2.430E+2	5.600E+1	2.000E+1	2.000E+0	2.000E+0	0.000E+0	0.000E+0	0.000E+0	0.000E+0	0.000E+0	0.000E+0	0.000E+0	0.000E+0	0.000E+0	0.000E+0	1.000E+0	0.000E+0	0.000E+0	0.000E+0	0.000E+0	1.000E+0	0.000E+0	0.000E+0	0.000E+0	0.000E+0	0.000E+0	0.000E+0	0.000E+0	1.000E+0	0.000E+0	0.000E+0	0.000E+0	0.000E+0	0.000E+0
0.000E+0	0.000E+0	0.000E+0	0.000E+0	0.000E+0	0.000E+0	0.000E+0	0.000E+0	0.000E+0	1.000E+0	0.000E+0	0.000E+0	0.000E+0	0.000E+0	0.000E+0	0.000E+0	0.000E+0	0.000E+0	0.000E+0	0.000E+0	0.000E+0	1.000E+0	0.000E+0	1.000E+0	8.000E+0	2.800E+1	2.100E+1	2.000E+1	2.500E+1	1.700E+1	2.500E+1	2.200E+1	2.500E+1	2.700E+1	2.300E+1	2.700E+1	3.200E+1	1.900E+1	1.500E+1	2.500E+1	1.800E+1	2.900E+1	3.500E+1	6.000E+1	4.800E+1	3.400E+1	2.700E+1	2.700E+1	2.200E+1	2.300E+1	2.100E+1	2.500E+1	2.100E+1	2.500E+1	3.300E+1	2.500E+1	4.000E+1	3.800E+1	1.400E+1	1.600E+1	1.300E+1	1.300E+1	2.100E+1	1.200E+1	2.200E+1	1.000E+0	0.000E+0	0.000E+0	0.000E+0	0.000E+0	0.000E+0	0.000E+0	0.000E+0	0.000E+0	0.000E+0	0.000E+0	0.000E+0	1.000E+0	2.000E+0	5.000E+0	3.000E+1	1.460E+2	7.100E+2	2.486E+3	7.417E+3	1.739E+4	3.109E+4	3.989E+4	3.838E+4	2.983E+4	1.863E+4	8.683E+3	2.879E+3	7.220E+2	1.670E+2	5.300E+1	8.000E+0	1.000E+0	2.000E+0	1.000E+0	1.000E+0	0.000E+0	0.000E+0	0.000E+0	0.000E+0	0.000E+0	0.000E+0	0.000E+0	0.000E+0	1.000E+0	0.000E+0	0.000E+0	0.000E+0	1.000E+0	0.000E+0	1.000E+0	0.000E+0	0.000E+0	1.000E+0	0.000E+0	0.000E+0	0.000E+0	0.000E+0	0.000E+0	0.000E+0	0.000E+0	0.000E+0	0.000E+0
0.000E+0	0.000E+0	1.000E+0	0.000E+0	0.000E+0	0.000E+0	0.000E+0	0.000E+0	0.000E+0	1.000E+0	0.000E+0	0.000E+0	0.000E+0	0.000E+0	0.000E+0	1.000E+0	0.000E+0	0.000E+0	0.000E+0	0.000E+0	0.000E+0	0.000E+0	0.000E+0	0.000E+0	9.000E+0	2.000E+1	1.200E+1	2.300E+1	1.200E+1	1.900E+1	2.400E+1	2.500E+1	1.600E+1	2.400E+1	1.800E+1	1.800E+1	2.200E+1	2.700E+1	2.100E+1	2.700E+1	2.700E+1	2.300E+1	3.700E+1	3.900E+1	3.800E+1	3.400E+1	2.500E+1	2.700E+1	2.500E+1	2.400E+1	2.000E+1	1.900E+1	3.000E+1	1.900E+1	2.700E+1	2.900E+1	4.300E+1	3.500E+1	1.800E+1	2.100E+1	8.000E+0	1.600E+1	1.300E+1	1.800E+1	2.000E+1	2.000E+0	0.000E+0	0.000E+0	0.000E+0	0.000E+0	0.000E+0	1.000E+0	0.000E+0	0.000E+0	0.000E+0	1.000E+0	0.000E+0	0.000E+0	1.000E+0	7.000E+0	3.800E+1	1.570E+2	5.720E+2	2.299E+3	7.768E+3	1.873E+4	3.132E+4	3.922E+4	3.933E+4	3.091E+4	1.872E+4	9.115E+3	3.757E+3	1.327E+3	3.800E+2	9.200E+1	2.400E+1	5.000E+0	0.000E+0	0.000E+0	1.000E+0	0.000E+0	0.000E+0	0.000E+0	0.000E+0	0.000E+0	0.000E+0	0.000E+0	0.000E+0	0.000E+0	0.000E+0	0.000E+0	0.000E+0	1.000E+0	0.000E+0	1.000E+0	0.000E+0	1.000E+0	0.000E+0	0.000E+0	0.000E+0	0.000E+0	0.000E+0	0.000E+0	0.000E+0	0.000E+0	0.000E+0	0.000E+0
0.000E+0	0.000E+0	0.000E+0	0.000E+0	0.000E+0	0.000E+0	0.000E+0	0.000E+0	0.000E+0	0.000E+0	0.000E+0	0.000E+0	0.000E+0	0.000E+0	1.000E+0	0.000E+0	1.000E+0	0.000E+0	0.000E+0	0.000E+0	0.000E+0	1.000E+0	0.000E+0	1.000E+0	1.200E+1	1.200E+1	1.400E+1	2.600E+1	2.600E+1	2.700E+1	2.400E+1	1.700E+1	1.600E+1	3.500E+1	2.500E+1	2.100E+1	3.200E+1	2.200E+1	2.300E+1	2.100E+1	1.200E+1	2.700E+1	4.100E+1	5.700E+1	5.000E+1	4.800E+1	1.500E+1	2.600E+1	2.300E+1	2.100E+1	2.600E+1	2.800E+1	2.100E+1	2.500E+1	2.900E+1	3.200E+1	3.400E+1	5.400E+1	1.200E+1	1.400E+1	1.900E+1	9.000E+0	1.600E+1	2.000E+1	3.500E+1	0.000E+0	0.000E+0	0.000E+0	0.000E+0	1.000E+0	1.000E+0	2.000E+0	0.000E+0	0.000E+0	0.000E+0	0.000E+0	0.000E+0	2.000E+0	0.000E+0	6.000E+0	2.400E+1	1.620E+2	6.400E+2	2.336E+3	7.649E+3	1.902E+4	3.223E+4	4.060E+4	4.051E+4	3.177E+4	1.885E+4	8.682E+3	3.392E+3	9.720E+2	2.200E+2	4.300E+1	1.200E+1	4.000E+0	0.000E+0	1.000E+0	1.000E+0	0.000E+0	0.000E+0	0.000E+0	0.000E+0	0.000E+0	0.000E+0	0.000E+0	0.000E+0	1.000E+0	0.000E+0	0.000E+0	0.000E+0	0.000E+0	0.000E+0	0.000E+0	1.000E+0	0.000E+0	0.000E+0	0.000E+0	0.000E+0	0.000E+0	0.000E+0	0.000E+0	0.000E+0	0.000E+0	0.000E+0	0.000E+0
0.000E+0	0.000E+0	0.000E+0	0.000E+0	0.000E+0	0.000E+0	0.000E+0	0.000E+0	0.000E+0	0.000E+0	0.000E+0	0.000E+0	0.000E+0	0.000E+0	0.000E+0	0.000E+0	1.000E+0	1.000E+0	0.000E+0	0.000E+0	0.000E+0	0.000E+0	0.000E+0	0.000E+0	1.400E+1	1.900E+1	2.600E+1	2.000E+1	1.200E+1	3.200E+1	2.500E+1	2.700E+1	3.000E+1	1.800E+1	2.600E+1	2.200E+1	2.600E+1	2.400E+1	2.900E+1	2.200E+1	2.100E+1	3.300E+1	3.500E+1	3.400E+1	4.800E+1	3.600E+1	2.800E+1	3.200E+1	1.900E+1	3.000E+1	1.600E+1	2.000E+1	3.500E+1	3.300E+1	2.600E+1	4.400E+1	3.600E+1	4.300E+1	1.200E+1	1.700E+1	1.400E+1	9.000E+0	1.500E+1	1.400E+1	2.200E+1	1.000E+0	0.000E+0	0.000E+0	1.000E+0	0.000E+0	0.000E+0	0.000E+0	0.000E+0	0.000E+0	0.000E+0	1.000E+0	0.000E+0	1.000E+0	5.000E+0	8.000E+0	3.200E+1	1.060E+2	5.320E+2	2.225E+3	8.127E+3	2.008E+4	3.281E+4	4.109E+4	4.131E+4	3.145E+4	1.805E+4	8.612E+3	3.608E+3	1.071E+3	2.280E+2	6.200E+1	7.000E+0	3.000E+0	2.000E+0	0.000E+0	0.000E+0	0.000E+0	0.000E+0	0.000E+0	0.000E+0	0.000E+0	0.000E+0	0.000E+0	0.000E+0	0.000E+0	1.000E+0	0.000E+0	0.000E+0	0.000E+0	0.000E+0	0.000E+0	1.000E+0	0.000E+0	0.000E+0	0.000E+0	0.000E+0	0.000E+0	0.000E+0	0.000E+0	1.000E+0	0.000E+0	0.000E+0	0.000E+0
1.000E+0	0.000E+0	1.000E+0	0.000E+0	0.000E+0	0.000E+0	0.000E+0	0.000E+0	1.000E+0	0.000E+0	0.000E+0	0.000E+0	0.000E+0	0.000E+0	0.000E+0	0.000E+0	0.000E+0	2.000E+0	0.000E+0	1.000E+0	0.000E+0	1.000E+0	0.000E+0	0.000E+0	8.000E+0	2.500E+1	2.000E+1	2.300E+1	2.400E+1	2.500E+1	2.600E+1	2.800E+1	2.500E+1	2.200E+1	1.600E+1	2.000E+1	1.900E+1	2.500E+1	1.600E+1	2.200E+1	2.300E+1	2.800E+1	2.300E+1	3.800E+1	4.300E+1	3.000E+1	2.700E+1	1.700E+1	2.200E+1	2.900E+1	2.900E+1	2.400E+1	3.100E+1	2.700E+1	3.400E+1	4.100E+1	3.600E+1	4.600E+1	1.300E+1	2.100E+1	1.700E+1	1.300E+1	2.400E+1	1.900E+1	2.700E+1	1.000E+0	0.000E+0	0.000E+0	0.000E+0	0.000E+0	1.000E+0	0.000E+0	0.000E+0	0.000E+0	0.000E+0	0.000E+0	1.000E+0	0.000E+0	0.000E+0	8.000E+0	3.700E+1	1.790E+2	7.530E+2	2.687E+3	8.546E+3	1.987E+4	3.221E+4	4.031E+4	4.000E+4	3.108E+4	1.947E+4	9.475E+3	3.706E+3	1.027E+3	2.700E+2	5.400E+1	1.900E+1	6.000E+0	2.000E+0	0.000E+0	0.000E+0	0.000E+0	0.000E+0	0.000E+0	0.000E+0	0.000E+0	0.000E+0	0.000E+0	0.000E+0	1.000E+0	0.000E+0	0.000E+0	2.000E+0	0.000E+0	1.000E+0	0.000E+0	0.000E+0	0.000E+0	0.000E+0	0.000E+0	0.000E+0	0.000E+0	0.000E+0	0.000E+0	0.000E+0	0.000E+0	0.000E+0	1.000E+0
0.000E+0	0.000E+0	0.000E+0	0.000E+0	0.000E+0	1.000E+0	0.000E+0	0.000E+0	0.000E+0	0.000E+0	1.000E+0	1.000E+0	0.000E+0	0.000E+0	0.000E+0	0.000E+0	0.000E+0	0.000E+0	1.000E+0	0.000E+0	0.000E+0	1.000E+0	0.000E+0	1.000E+0	6.000E+0	2.400E+1	1.900E+1	1.400E+1	2.100E+1	2.500E+1	2.400E+1	2.800E+1	2.300E+1	2.900E+1	2.200E+1	1.900E+1	1.800E+1	2.300E+1	2.100E+1	2.400E+1	2.300E+1	2.300E+1	2.500E+1	4.100E+1	5.000E+1	3.400E+1	2.300E+1	2.400E+1	1.600E+1	1.900E+1	3.100E+1	2.200E+1	2.700E+1	2.800E+1	3.700E+1	3.400E+1	4.000E+1	5.000E+1	9.000E+0	9.000E+0	1.200E+1	1.400E+1	1.300E+1	2.100E+1	3.200E+1	1.000E+0	0.000E+0	0.000E+0	1.000E+0	0.000E+0	0.000E+0	0.000E+0	0.000E+0	1.000E+0	0.000E+0	0.000E+0	0.000E+0	0.000E+0	4.000E+0	9.000E+0	3.000E+1	1.540E+2	5.230E+2	2.134E+3	7.003E+3	1.772E+4	3.140E+4	3.998E+4	3.919E+4	3.074E+4	1.924E+4	9.359E+3	3.548E+3	8.750E+2	2.150E+2	6.300E+1	9.000E+0	2.000E+0	0.000E+0	0.000E+0	0.000E+0	1.000E+0	0.000E+0	0.000E+0	0.000E+0	1.000E+0	0.000E+0	0.000E+0	0.000E+0	0.000E+0	0.000E+0	0.000E+0	0.000E+0	1.000E+0	2.000E+0	0.000E+0	0.000E+0	0.000E+0	0.000E+0	0.000E+0	0.000E+0	0.000E+0	1.000E+0	0.000E+0	0.000E+0	0.000E+0	0.000E+0	2.000E+0
0.000E+0	0.000E+0	0.000E+0	1.000E+0	1.000E+0	0.000E+0	1.000E+0	0.000E+0	1.000E+0	0.000E+0	0.000E+0	0.000E+0	0.000E+0	1.000E+0	0.000E+0	0.000E+0	0.000E+0	0.000E+0	1.000E+0	0.000E+0	1.000E+0	0.000E+0	0.000E+0	0.000E+0	7.000E+0	2.300E+1	1.500E+1	1.500E+1	2.200E+1	2.100E+1	2.200E+1	2.500E+1	2.000E+1	1.800E+1	2.100E+1	2.900E+1	1.900E+1	2.200E+1	1.900E+1	1.900E+1	2.100E+1	1.800E+1	2.700E+1	4.700E+1	4.700E+1	4.200E+1	2.100E+1	2.300E+1	1.300E+1	2.900E+1	2.000E+1	2.100E+1	3.300E+1	3.400E+1	4.200E+1	3.600E+1	4.900E+1	3.300E+1	9.000E+0	1.800E+1	8.000E+0	1.600E+1	1.300E+1	2.800E+1	1.900E+1	0.000E+0	0.000E+0	0.000E+0	1.000E+0	0.000E+0	1.000E+0	0.000E+0	0.000E+0	0.000E+0	0.000E+0	0.000E+0	0.000E+0	1.000E+0	2.000E+0	9.000E+0	2.700E+1	1.270E+2	5.580E+2	2.317E+3	7.861E+3	1.884E+4	3.282E+4	4.217E+4	4.122E+4	3.184E+4	1.974E+4	9.345E+3	3.351E+3	9.150E+2	2.420E+2	4.200E+1	1.600E+1	2.000E+0	1.000E+0	0.000E+0	0.000E+0	0.000E+0	0.000E+0	0.000E+0	1.000E+0	1.000E+0	0.000E+0	0.000E+0	1.000E+0	0.000E+0	0.000E+0	0.000E+0	0.000E+0	0.000E+0	0.000E+0	0.000E+0	0.000E+0	1.000E+0	0.000E+0	1.000E+0	0.000E+0	0.000E+0	0.000E+0	1.000E+0	0.000E+0	0.000E+0	0.000E+0	0.000E+0
0.000E+0	0.000E+0	0.000E+0	0.000E+0	1.000E+0	0.000E+0	0.000E+0	0.000E+0	0.000E+0	0.000E+0	0.000E+0	0.000E+0	0.000E+0	0.000E+0	1.000E+0	0.000E+0	0.000E+0	0.000E+0	1.000E+0	0.000E+0	0.000E+0	0.000E+0	0.000E+0	1.000E+0	1.300E+1	1.500E+1	2.500E+1	2.800E+1	2.700E+1	2.800E+1	1.700E+1	2.100E+1	1.800E+1	2.100E+1	1.200E+1	1.600E+1	2.000E+1	2.100E+1	1.700E+1	1.800E+1	2.700E+1	2.600E+1	3.500E+1	3.400E+1	4.600E+1	4.100E+1	3.800E+1	2.300E+1	1.800E+1	1.800E+1	2.500E+1	1.900E+1	2.000E+1	3.300E+1	4.500E+1	4.400E+1	3.800E+1	5.500E+1	1.600E+1	1.900E+1	1.100E+1	2.300E+1	1.600E+1	2.100E+1	2.600E+1	2.000E+0	0.000E+0	0.000E+0	0.000E+0	0.000E+0	0.000E+0	0.000E+0	0.000E+0	0.000E+0	0.000E+0	0.000E+0	0.000E+0	0.000E+0	4.000E+0	1.100E+1	3.000E+1	1.470E+2	7.420E+2	3.144E+3	8.933E+3	1.855E+4	3.146E+4	4.100E+4	3.974E+4	3.099E+4	2.016E+4	1.016E+4	3.718E+3	1.005E+3	2.620E+2	6.000E+1	1.700E+1	3.000E+0	1.000E+0	0.000E+0	0.000E+0	0.000E+0	1.000E+0	0.000E+0	0.000E+0	0.000E+0	2.000E+0	0.000E+0	0.000E+0	0.000E+0	0.000E+0	0.000E+0	0.000E+0	0.000E+0	0.000E+0	1.000E+0	0.000E+0	0.000E+0	0.000E+0	0.000E+0	0.000E+0	0.000E+0	1.000E+0	0.000E+0	0.000E+0	0.000E+0	0.000E+0	0.000E+0
0.000E+0	0.000E+0	0.000E+0	0.000E+0	0.000E+0	0.000E+0	0.000E+0	0.000E+0	0.000E+0	0.000E+0	0.000E+0	1.000E+0	1.000E+0	0.000E+0	0.000E+0	0.000E+0	0.000E+0	0.000E+0	0.000E+0	0.000E+0	0.000E+0	0.000E+0	0.000E+0	0.000E+0	4.000E+0	2.700E+1	2.100E+1	1.700E+1	2.400E+1	2.600E+1	2.200E+1	2.200E+1	1.700E+1	2.900E+1	2.200E+1	2.500E+1	3.100E+1	2.400E+1	2.100E+1	2.700E+1	2.600E+1	1.600E+1	3.200E+1	4.700E+1	4.000E+1	4.300E+1	2.300E+1	2.500E+1	1.600E+1	1.800E+1	1.400E+1	2.900E+1	2.000E+1	2.600E+1	3.900E+1	4.600E+1	5.200E+1	4.300E+1	1.300E+1	1.000E+1	1.800E+1	1.800E+1	1.600E+1	1.900E+1	2.500E+1	1.000E+0	0.000E+0	0.000E+0	0.000E+0	0.000E+0	0.000E+0	0.000E+0	0.000E+0	0.000E+0	1.000E+0	0.000E+0	0.000E+0	1.000E+0	1.000E+0	4.000E+0	3.900E+1	1.210E+2	5.710E+2	2.300E+3	7.696E+3	1.913E+4	3.232E+4	4.070E+4	4.048E+4	3.133E+4	1.909E+4	9.398E+3	3.505E+3	1.116E+3	2.540E+2	5.700E+1	1.000E+1	3.000E+0	1.000E+0	0.000E+0	1.000E+0	0.000E+0	0.000E+0	0.000E+0	0.000E+0	0.000E+0	0.000E+0	0.000E+0	0.000E+0	0.000E+0	0.000E+0	1.000E+0	0.000E+0	0.000E+0	0.000E+0	0.000E+0	0.000E+0	0.000E+0	0.000E+0	1.000E+0	0.000E+0	1.000E+0	0.000E+0	1.000E+0	0.000E+0	0.000E+0	1.000E+0	0.000E+0
0.000E+0	0.000E+0	0.000E+0	0.000E+0	0.000E+0	0.000E+0	0.000E+0	0.000E+0	0.000E+0	0.000E+0	3.000E+0	0.000E+0	1.000E+0	0.000E+0	1.000E+0	0.000E+0	1.000E+0	0.000E+0	0.000E+0	0.000E+0	0.000E+0	0.000E+0	1.000E+0	1.000E+0	1.100E+1	2.300E+1	2.200E+1	2.100E+1	2.500E+1	2.200E+1	1.800E+1	2.300E+1	2.500E+1	2.400E+1	1.600E+1	2.000E+1	1.800E+1	2.600E+1	1.700E+1	2.000E+1	2.200E+1	2.900E+1	3.800E+1	4.200E+1	3.600E+1	3.100E+1	3.800E+1	2.800E+1	1.800E+1	1.400E+1	2.100E+1	2.000E+1	2.500E+1	2.400E+1	3.200E+1	4.300E+1	5.000E+1	5.800E+1	1.200E+1	1.100E+1	1.600E+1	2.400E+1	2.500E+1	1.400E+1	2.100E+1	0.000E+0	0.000E+0	0.000E+0	0.000E+0	0.000E+0	0.000E+0	0.000E+0	0.000E+0	0.000E+0	1.000E+0	0.000E+0	0.000E+0	0.000E+0	1.000E+0	7.000E+0	2.100E+1	1.500E+2	6.620E+2	2.553E+3	7.943E+3	1.828E+4	3.147E+4	3.974E+4	3.856E+4	3.041E+4	1.899E+4	9.035E+3	3.440E+3	1.025E+3	2.530E+2	6.000E+1	1.100E+1	2.000E+0	0.000E+0	0.000E+0	2.000E+0	0.000E+0	0.000E+0	0.000E+0	0.000E+0	0.000E+0	1.000E+0	0.000E+0	0.000E+0	0.000E+0	0.000E+0	0.000E+0	1.000E+0	0.000E+0	0.000E+0	0.000E+0	0.000E+0	0.000E+0	0.000E+0	0.000E+0	0.000E+0	0.000E+0	0.000E+0	0.000E+0	0.000E+0	0.000E+0	0.000E+0	0.000E+0
0.000E+0	0.000E+0	0.000E+0	0.000E+0	0.000E+0	0.000E+0	0.000E+0	0.000E+0	0.000E+0	0.000E+0	0.000E+0	0.000E+0	0.000E+0	0.000E+0	0.000E+0	0.000E+0	0.000E+0	0.000E+0	1.000E+0	0.000E+0	0.000E+0	0.000E+0	1.000E+0	1.000E+0	9.000E+0	2.000E+1	1.600E+1	2.300E+1	2.400E+1	1.400E+1	2.000E+1	2.100E+1	1.900E+1	2.400E+1	2.000E+1	1.700E+1	2.400E+1	1.400E+1	1.900E+1	2.200E+1	3.100E+1	2.200E+1	2.700E+1	3.900E+1	4.500E+1	3.500E+1	2.300E+1	2.200E+1	2.100E+1	2.500E+1	1.400E+1	1.400E+1	1.600E+1	2.300E+1	2.600E+1	3.100E+1	4.400E+1	5.100E+1	1.100E+1	1.800E+1	2.200E+1	2.000E+1	2.200E+1	2.600E+1	2.100E+1	0.000E+0	0.000E+0	0.000E+0	0.000E+0	0.000E+0	0.000E+0	0.000E+0	0.000E+0	0.000E+0	0.000E+0	0.000E+0	0.000E+0	0.000E+0	2.000E+0	8.000E+0	2.000E+1	1.340E+2	5.550E+2	2.317E+3	7.161E+3	1.814E+4	3.199E+4	4.089E+4	3.972E+4	3.145E+4	1.961E+4	8.762E+3	3.201E+3	9.400E+2	2.500E+2	6.300E+1	1.400E+1	3.000E+0	0.000E+0	0.000E+0	1.000E+0	0.000E+0	1.000E+0	0.000E+0	0.000E+0	0.000E+0	0.000E+0	0.000E+0	0.000E+0	0.000E+0	0.000E+0	0.000E+0	0.000E+0	0.000E+0	1.000E+0	0.000E+0	0.000E+0	0.000E+0	0.000E+0	0.000E+0	1.000E+0	0.000E+0	0.000E+0	1.000E+0	0.000E+0	1.000E+0	0.000E+0	0.000E+0
1.000E+0	0.000E+0	1.000E+0	1.000E+0	1.000E+0	0.000E+0	0.000E+0	0.000E+0	1.000E+0	1.000E+0	0.000E+0	0.000E+0	0.000E+0	0.000E+0	0.000E+0	0.000E+0	0.000E+0	1.000E+0	0.000E+0	0.000E+0	0.000E+0	1.000E+0	0.000E+0	1.000E+0	1.000E+1	1.500E+1	2.200E+1	1.900E+1	1.900E+1	1.900E+1	2.300E+1	1.700E+1	2.600E+1	2.000E+1	1.300E+1	1.700E+1	2.400E+1	2.500E+1	1.500E+1	3.600E+1	1.900E+1	2.000E+1	3.100E+1	4.700E+1	4.500E+1	3.700E+1	2.500E+1	2.300E+1	1.900E+1	2.500E+1	2.000E+1	1.700E+1	2.100E+1	2.300E+1	3.600E+1	3.400E+1	4.600E+1	5.300E+1	2.000E+1	1.400E+1	1.700E+1	2.100E+1	1.300E+1	2.400E+1	2.300E+1	1.000E+0	0.000E+0	0.000E+0	0.000E+0	0.000E+0	0.000E+0	0.000E+0	0.000E+0	0.000E+0	0.000E+0	0.000E+0	1.000E+0	0.000E+0	2.000E+0	7.000E+0	1.400E+1	1.260E+2	5.300E+2	2.343E+3	7.685E+3	1.893E+4	3.168E+4	4.070E+4	3.985E+4	3.045E+4	1.916E+4	9.746E+3	3.701E+3	1.102E+3	2.640E+2	7.000E+1	2.300E+1	4.000E+0	0.000E+0	1.000E+0	0.000E+0	0.000E+0	0.000E+0	0.000E+0	0.000E+0	0.000E+0	0.000E+0	0.000E+0	0.000E+0	1.000E+0	0.000E+0	0.000E+0	0.000E+0	0.000E+0	0.000E+0	0.000E+0	0.000E+0	0.000E+0	0.000E+0	0.000E+0	0.000E+0	0.000E+0	0.000E+0	0.000E+0	0.000E+0	0.000E+0	0.000E+0	0.000E+0
0.000E+0	0.000E+0	0.000E+0	0.000E+0	0.000E+0	1.000E+0	1.000E+0	1.000E+0	0.000E+0	1.000E+0	0.000E+0	2.000E+0	0.000E+0	0.000E+0	0.000E+0	0.000E+0	1.000E+0	0.000E+0	2.000E+0	0.000E+0	0.000E+0	0.000E+0	0.000E+0	0.000E+0	5.000E+0	2.200E+1	1.800E+1	2.400E+1	2.600E+1	2.300E+1	2.400E+1	2.200E+1	1.700E+1	1.500E+1	2.300E+1	2.600E+1	1.400E+1	2.100E+1	2.100E+1	2.000E+1	2.200E+1	2.200E+1	3.100E+1	4.300E+1	3.200E+1	3.800E+1	1.600E+1	3.000E+1	1.500E+1	2.100E+1	1.400E+1	1.500E+1	1.800E+1	2.500E+1	2.000E+1	4.200E+1	3.600E+1	5.800E+1	7.000E+0	1.300E+1	1.700E+1	2.000E+1	2.100E+1	2.600E+1	1.900E+1	1.000E+0	0.000E+0	0.000E+0	0.000E+0	0.000E+0	0.000E+0	0.000E+0	0.000E+0	0.000E+0	0.000E+0	0.000E+0	0.000E+0	1.000E+0	0.000E+0	1.200E+1	2.800E+1	1.120E+2	5.710E+2	2.446E+3	8.043E+3	1.897E+4	3.140E+4	4.004E+4	3.913E+4	3.074E+4	1.912E+4	9.147E+3	3.447E+3	1.098E+3	2.220E+2	5.500E+1	1.200E+1	3.000E+0	1.000E+0	2.000E+0	0.000E+0	0.000E+0	0.000E+0	0.000E+0	0.000E+0	0.000E+0	0.000E+0	0.000E+0	0.000E+0	0.000E+0	1.000E+0	0.000E+0	0.000E+0	1.000E+0	0.000E+0	0.000E+0	0.000E+0	0.000E+0	0.000E+0	0.000E+0	0.000E+0	0.000E+0	0.000E+0	0.000E+0	0.000E+0	0.000E+0	2.000E+0	0.000E+0
0.000E+0	0.000E+0	0.000E+0	0.000E+0	0.000E+0	0.000E+0	0.000E+0	0.000E+0	1.000E+0	0.000E+0	1.000E+0	0.000E+0	0.000E+0	0.000E+0	1.000E+0	0.000E+0	0.000E+0	0.000E+0	0.000E+0	0.000E+0	0.000E+0	0.000E+0	0.000E+0	1.000E+0	1.100E+1	1.800E+1	1.000E+1	2.400E+1	2.000E+1	1.800E+1	1.700E+1	2.200E+1	2.300E+1	1.800E+1	1.900E+1	1.800E+1	2.300E+1	1.900E+1	2.300E+1	2.600E+1	2.500E+1	2.800E+1	3.400E+1	3.700E+1	6.100E+1	4.000E+1	2.800E+1	2.600E+1	1.600E+1	2.200E+1	3.000E+1	1.800E+1	1.800E+1	2.900E+1	3.200E+1	4.100E+1	4.000E+1	6.100E+1	1.900E+1	1.900E+1	2.300E+1	1.600E+1	2.400E+1	2.500E+1	2.600E+1	1.000E+0	0.000E+0	0.000E+0	0.000E+0	1.000E+0	0.000E+0	0.000E+0	0.000E+0	0.000E+0	0.000E+0	0.000E+0	1.000E+0	2.000E+0	2.000E+0	5.000E+0	3.100E+1	1.420E+2	6.410E+2	2.457E+3	7.678E+3	1.856E+4	3.183E+4	3.971E+4	3.934E+4	3.058E+4	1.907E+4	8.997E+3	3.177E+3	9.730E+2	2.680E+2	5.900E+1	1.300E+1	2.000E+0	0.000E+0	0.000E+0	0.000E+0	1.000E+0	0.000E+0	0.000E+0	0.000E+0	0.000E+0	0.000E+0	0.000E+0	0.000E+0	0.000E+0	0.000E+0	0.000E+0	0.000E+0	0.000E+0	0.000E+0	0.000E+0	0.000E+0	1.000E+0	0.000E+0	0.000E+0	2.000E+0	0.000E+0	0.000E+0	0.000E+0	0.000E+0	0.000E+0	0.000E+0	0.000E+0
0.000E+0	0.000E+0	0.000E+0	0.000E+0	0.000E+0	0.000E+0	0.000E+0	0.000E+0	0.000E+0	0.000E+0	0.000E+0	1.000E+0	1.000E+0	0.000E+0	0.000E+0	0.000E+0	1.000E+0	0.000E+0	0.000E+0	0.000E+0	0.000E+0	0.000E+0	0.000E+0	0.000E+0	8.000E+0	1.700E+1	1.500E+1	3.100E+1	1.300E+1	3.300E+1	2.700E+1	2.100E+1	2.700E+1	1.800E+1	1.600E+1	2.000E+1	2.200E+1	2.400E+1	2.000E+1	2.600E+1	2.400E+1	2.500E+1	2.400E+1	4.300E+1	4.600E+1	3.500E+1	2.900E+1	3.000E+1	1.000E+1	2.700E+1	2.100E+1	2.300E+1	2.600E+1	1.500E+1	2.400E+1	2.900E+1	3.400E+1	5.700E+1	1.200E+1	1.100E+1	1.900E+1	1.100E+1	2.000E+1	1.900E+1	2.800E+1	3.000E+0	0.000E+0	0.000E+0	0.000E+0	0.000E+0	0.000E+0	0.000E+0	0.000E+0	0.000E+0	0.000E+0	0.000E+0	0.000E+0	3.000E+0	3.000E+0	7.000E+0	3.100E+1	1.560E+2	6.520E+2	2.724E+3	8.076E+3	1.854E+4	3.034E+4	3.873E+4	3.806E+4	2.945E+4	1.861E+4	9.467E+3	3.580E+3	1.009E+3	2.390E+2	5.000E+1	2.400E+1	3.000E+0	0.000E+0	0.000E+0	0.000E+0	0.000E+0	0.000E+0	0.000E+0	0.000E+0	1.000E+0	0.000E+0	0.000E+0	0.000E+0	0.000E+0	0.000E+0	0.000E+0	0.000E+0	0.000E+0	0.000E+0	0.000E+0	1.000E+0	2.000E+0	1.000E+0	0.000E+0	0.000E+0	0.000E+0	0.000E+0	0.000E+0	1.000E+0	1.000E+0	0.000E+0	0.000E+0
1.000E+0	0.000E+0	0.000E+0	0.000E+0	0.000E+0	1.000E+0	1.000E+0	0.000E+0	0.000E+0	0.000E+0	0.000E+0	0.000E+0	1.000E+0	0.000E+0	0.000E+0	0.000E+0	0.000E+0	0.000E+0	0.000E+0	0.000E+0	0.000E+0	0.000E+0	0.000E+0	1.000E+0	8.000E+0	9.000E+0	1.200E+1	1.500E+1	1.500E+1	2.100E+1	1.800E+1	1.900E+1	1.800E+1	1.300E+1	1.900E+1	1.900E+1	2.000E+1	2.100E+1	1.700E+1	2.300E+1	1.400E+1	3.600E+1	3.200E+1	3.600E+1	4.700E+1	2.700E+1	2.100E+1	2.100E+1	1.600E+1	2.700E+1	2.100E+1	1.600E+1	1.900E+1	2.000E+1	2.400E+1	2.900E+1	4.200E+1	4.300E+1	1.300E+1	1.200E+1	1.900E+1	1.400E+1	2.900E+1	1.800E+1	2.800E+1	0.000E+0	0.000E+0	1.000E+0	0.000E+0	0.000E+0	1.000E+0	0.000E+0	0.000E+0	0.000E+0	2.000E+0	0.000E+0	1.000E+0	0.000E+0	2.000E+0	1.000E+1	4.100E+1	1.640E+2	6.340E+2	2.344E+3	7.760E+3	1.874E+4	3.044E+4	3.823E+4	3.865E+4	3.016E+4	1.808E+4	8.826E+3	3.247E+3	8.750E+2	2.230E+2	4.800E+1	1.500E+1	2.000E+0	1.000E+0	0.000E+0	0.000E+0	0.000E+0	1.000E+0	0.000E+0	0.000E+0	0.000E+0	1.000E+0	0.000E+0	0.000E+0	0.000E+0	0.000E+0	0.000E+0	0.000E+0	0.000E+0	0.000E+0	0.000E+0	0.000E+0	0.000E+0	0.000E+0	0.000E+0	0.000E+0	1.000E+0	0.000E+0	0.000E+0	1.000E+0	0.000E+0	0.000E+0	0.000E+0
1.000E+0	0.000E+0	0.000E+0	0.000E+0	2.000E+0	0.000E+0	0.000E+0	0.000E+0	0.000E+0	0.000E+0	0.000E+0	0.000E+0	0.000E+0	0.000E+0	0.000E+0	0.000E+0	0.000E+0	0.000E+0	0.000E+0	1.000E+0	0.000E+0	0.000E+0	1.000E+0	0.000E+0	5.000E+0	1.600E+1	1.300E+1	2.400E+1	2.500E+1	2.300E+1	1.900E+1	1.700E+1	2.300E+1	1.300E+1	2.000E+1	1.700E+1	1.800E+1	1.700E+1	1.300E+1	1.700E+1	2.100E+1	3.200E+1	2.300E+1	3.600E+1	3.100E+1	3.900E+1	2.400E+1	2.000E+1	2.300E+1	1.600E+1	1.900E+1	3.000E+1	2.300E+1	1.900E+1	2.900E+1	2.700E+1	5.000E+1	5.000E+1	1.400E+1	1.600E+1	1.400E+1	1.800E+1	2.200E+1	2.500E+1	2.400E+1	4.000E+0	1.000E+0	0.000E+0	0.000E+0	0.000E+0	1.000E+0	0.000E+0	0.000E+0	0.000E+0	0.000E+0	0.000E+0	0.000E+0	0.000E+0	1.000E+0	5.000E+0	2.100E+1	1.350E+2	5.750E+2	2.213E+3	7.396E+3	1.805E+4	3.071E+4	3.848E+4	3.824E+4	3.062E+4	1.876E+4	8.748E+3	3.547E+3	1.059E+3	2.430E+2	7.200E+1	1.200E+1	4.000E+0	5.000E+0	1.000E+0	0.000E+0	1.000E+0	0.000E+0	0.000E+0	0.000E+0	0.000E+0	0.000E+0	0.000E+0	0.000E+0	1.000E+0	0.000E+0	0.000E+0	0.000E+0	0.000E+0	0.000E+0	0.000E+0	0.000E+0	0.000E+0	0.000E+0	0.000E+0	0.000E+0	0.000E+0	0.000E+0	0.000E+0	0.000E+0	0.000E+0	0.000E+0	1.000E+0
0.000E+0	0.000E+0	0.000E+0	0.000E+0	1.000E+0	0.000E+0	0.000E+0	1.000E+0	0.000E+0	0.000E+0	0.000E+0	0.000E+0	0.000E+0	0.000E+0	0.000E+0	1.000E+0	0.000E+0	1.000E+0	0.000E+0	1.000E+0	0.000E+0	0.000E+0	0.000E+0	0.000E+0	4.000E+0	1.500E+1	2.700E+1	2.300E+1	1.500E+1	2.400E+1	2.100E+1	1.300E+1	1.700E+1	1.800E+1	1.800E+1	1.700E+1	1.100E+1	2.800E+1	1.900E+1	2.000E+1	2.800E+1	3.800E+1	3.000E+1	4.000E+1	4.500E+1	2.500E+1	3.000E+1	1.700E+1	1.500E+1	1.700E+1	2.800E+1	2.100E+1	1.600E+1	2.200E+1	2.700E+1	3.800E+1	4.000E+1	5.600E+1	1.400E+1	1.700E+1	1.900E+1	1.700E+1	2.300E+1	2.500E+1	2.700E+1	0.000E+0	0.000E+0	0.000E+0	0.000E+0	0.000E+0	0.000E+0	0.000E+0	0.000E+0	0.000E+0	0.000E+0	1.000E+0	0.000E+0	1.000E+0	3.000E+0	7.000E+0	2.100E+1	1.560E+2	6.870E+2	2.354E+3	7.365E+3	1.752E+4	3.032E+4	3.848E+4	3.749E+4	2.909E+4	1.836E+4	9.233E+3	3.507E+3	1.036E+3	2.500E+2	7.600E+1	2.000E+1	2.000E+0	3.000E+0	0.000E+0	0.000E+0	0.000E+0	0.000E+0	1.000E+0	0.000E+0	0.000E+0	0.000E+0	0.000E+0	0.000E+0	0.000E+0	0.000E+0	0.000E+0	0.000E+0	0.000E+0	0.000E+0	0.000E+0	0.000E+0	0.000E+0	0.000E+0	0.000E+0	0.000E+0	0.000E+0	1.000E+0	0.000E+0	0.000E+0	0.000E+0	0.000E+0	0.000E+0
1.000E+0	0.000E+0	0.000E+0	0.000E+0	0.000E+0	0.000E+0	0.000E+0	0.000E+0	0.000E+0	0.000E+0	0.000E+0	0.000E+0	0.000E+0	0.000E+0	0.000E+0	0.000E+0	0.000E+0	0.000E+0	0.000E+0	0.000E+0	0.000E+0	0.000E+0	0.000E+0	1.000E+0	7.000E+0	1.600E+1	1.700E+1	2.200E+1	1.900E+1	2.200E+1	2.500E+1	2.500E+1	2.200E+1	1.900E+1	2.100E+1	2.300E+1	1.900E+1	1.900E+1	1.800E+1	2.800E+1	2.400E+1	2.800E+1	3.300E+1	3.500E+1	3.900E+1	3.300E+1	2.400E+1	2.800E+1	1.600E+1	2.300E+1	1.800E+1	1.700E+1	1.900E+1	2.800E+1	2.000E+1	3.800E+1	4.600E+1	4.500E+1	1.100E+1	1.200E+1	1.500E+1	2.000E+1	1.700E+1	2.500E+1	1.900E+1	0.000E+0	0.000E+0	1.000E+0	0.000E+0	0.000E+0	0.000E+0	0.000E+0	0.000E+0	0.000E+0	0.000E+0	0.000E+0	0.000E+0	1.000E+0	2.000E+0	6.000E+0	3.700E+1	1.180E+2	5.650E+2	2.122E+3	7.048E+3	1.788E+4	3.067E+4	3.824E+4	3.810E+4	2.986E+4	1.832E+4	8.763E+3	3.298E+3	9.460E+2	2.560E+2	5.500E+1	9.000E+0	5.000E+0	0.000E+0	1.000E+0	0.000E+0	0.000E+0	0.000E+0	1.000E+0	0.000E+0	0.000E+0	0.000E+0	0.000E+0	1.000E+0	0.000E+0	0.000E+0	0.000E+0	0.000E+0	0.000E+0	0.000E+0	0.000E+0	0.000E+0	1.000E+0	1.000E+0	0.000E+0	0.000E+0	0.000E+0	0.000E+0	0.000E+0	1.000E+0	1.000E+0	0.000E+0	0.000E+0
0.000E+0	0.000E+0	0.000E+0	0.000E+0	0.000E+0	0.000E+0	0.000E+0	0.000E+0	0.000E+0	0.000E+0	0.000E+0	0.000E+0	0.000E+0	0.000E+0	0.000E+0	1.000E+0	0.000E+0	0.000E+0	0.000E+0	0.000E+0	0.000E+0	0.000E+0	0.000E+0	0.000E+0	7.000E+0	1.400E+1	2.000E+1	1.500E+1	1.500E+1	1.600E+1	2.000E+1	2.000E+1	2.200E+1	1.800E+1	1.500E+1	1.400E+1	1.800E+1	1.800E+1	1.300E+1	2.200E+1	2.200E+1	3.300E+1	4.000E+1	4.400E+1	4.400E+1	5.500E+1	3.600E+1	3.000E+1	3.000E+1	2.100E+1	2.300E+1	2.000E+1	2.100E+1	2.200E+1	3.000E+1	3.700E+1	4.400E+1	4.400E+1	1.600E+1	1.400E+1	2.000E+1	1.600E+1	2.000E+1	1.400E+1	2.600E+1	0.000E+0	0.000E+0	0.000E+0	0.000E+0	0.000E+0	0.000E+0	0.000E+0	0.000E+0	0.000E+0	0.000E+0	0.000E+0	0.000E+0	2.000E+0	1.000E+0	5.000E+0	3.700E+1	1.660E+2	7.500E+2	2.399E+3	7.290E+3	1.675E+4	2.882E+4	3.723E+4	3.599E+4	2.861E+4	1.833E+4	8.890E+3	3.242E+3	1.038E+3	2.990E+2	6.400E+1	9.000E+0	1.000E+0	0.000E+0	0.000E+0	0.000E+0	0.000E+0	0.000E+0	0.000E+0	0.000E+0	0.000E+0	0.000E+0	0.000E+0	0.000E+0	0.000E+0	0.000E+0	0.000E+0	0.000E+0	0.000E+0	0.000E+0	0.000E+0	1.000E+0	0.000E+0	0.000E+0	0.000E+0	1.000E+0	0.000E+0	0.000E+0	1.000E+0	0.000E+0	0.000E+0	0.000E+0	0.000E+0
0.000E+0	0.000E+0	0.000E+0	0.000E+0	0.000E+0	0.000E+0	0.000E+0	0.000E+0	0.000E+0	0.000E+0	0.000E+0	0.000E+0	0.000E+0	1.000E+0	0.000E+0	1.000E+0	0.000E+0	0.000E+0	2.000E+0	1.000E+0	1.000E+0	0.000E+0	0.000E+0	0.000E+0	9.000E+0	1.700E+1	1.600E+1	1.200E+1	2.100E+1	1.800E+1	1.000E+1	1.500E+1	1.500E+1	1.500E+1	1.000E+1	2.000E+1	1.400E+1	1.500E+1	2.600E+1	1.700E+1	3.200E+1	3.200E+1	3.800E+1	5.200E+1	3.200E+1	5.100E+1	2.800E+1	2.700E+1	1.700E+1	3.500E+1	2.600E+1	1.600E+1	1.500E+1	2.900E+1	2.700E+1	4.000E+1	5.500E+1	5.200E+1	1.400E+1	1.500E+1	1.400E+1	1.400E+1	1.600E+1	2.100E+1	2.400E+1	2.000E+0	0.000E+0	1.000E+0	0.000E+0	0.000E+0	0.000E+0	0.000E+0	1.000E+0	0.000E+0	0.000E+0	1.000E+0	0.000E+0	1.000E+0	2.000E+0	8.000E+0	1.800E+1	9.500E+1	4.700E+2	2.068E+3	7.101E+3	1.769E+4	3.100E+4	3.870E+4	3.830E+4	2.994E+4	1.786E+4	8.636E+3	3.137E+3	1.000E+3	1.940E+2	4.500E+1	1.300E+1	3.000E+0	2.000E+0	0.000E+0	0.000E+0	1.000E+0	0.000E+0	0.000E+0	0.000E+0	0.000E+0	1.000E+0	0.000E+0	0.000E+0	0.000E+0	0.000E+0	2.000E+0	0.000E+0	1.000E+0	0.000E+0	0.000E+0	0.000E+0	0.000E+0	0.000E+0	1.000E+0	0.000E+0	0.000E+0	0.000E+0	0.000E+0	0.000E+0	0.000E+0	1.000E+0	0.000E+0
0.000E+0	0.000E+0	0.000E+0	1.000E+0	1.000E+0	0.000E+0	0.000E+0	0.000E+0	0.000E+0	0.000E+0	0.000E+0	1.000E+0	0.000E+0	0.000E+0	0.000E+0	0.000E+0	0.000E+0	0.000E+0	0.000E+0	1.000E+0	0.000E+0	0.000E+0	0.000E+0	1.000E+0	9.000E+0	1.600E+1	1.500E+1	1.500E+1	1.200E+1	1.300E+1	2.300E+1	1.800E+1	1.600E+1	1.500E+1	1.100E+1	1.300E+1	2.000E+1	9.000E+0	2.600E+1	1.800E+1	1.100E+1	2.100E+1	3.400E+1	3.300E+1	3.400E+1	3.200E+1	1.700E+1	3.200E+1	2.800E+1	2.100E+1	1.600E+1	1.300E+1	1.200E+1	2.000E+1	2.400E+1	4.200E+1	3.700E+1	4.200E+1	1.900E+1	1.600E+1	1.400E+1	1.300E+1	2.300E+1	2.400E+1	2.700E+1	3.000E+0	0.000E+0	0.000E+0	0.000E+0	0.000E+0	0.000E+0	0.000E+0	1.000E+0	2.000E+0	0.000E+0	0.000E+0	0.000E+0	1.000E+0	1.000E+0	7.000E+0	3.200E+1	1.400E+2	5.830E+2	2.295E+3	7.111E+3	1.732E+4	3.032E+4	3.846E+4	3.791E+4	2.991E+4	1.834E+4	8.553E+3	3.049E+3	9.020E+2	2.850E+2	7.400E+1	1.100E+1	1.000E+0	0.000E+0	1.000E+0	0.000E+0	0.000E+0	0.000E+0	0.000E+0	0.000E+0	0.000E+0	1.000E+0	0.000E+0	1.000E+0	1.000E+0	0.000E+0	0.000E+0	0.000E+0	0.000E+0	0.000E+0	0.000E+0	0.000E+0	0.000E+0	1.000E+0	0.000E+0	0.000E+0	0.000E+0	0.000E+0	1.000E+0	0.000E+0	0.000E+0	0.000E+0	0.000E+0
0.000E+0	0.000E+0	0.000E+0	0.000E+0	0.000E+0	0.000E+0	0.000E+0	0.000E+0	0.000E+0	1.000E+0	0.000E+0	0.000E+0	0.000E+0	0.000E+0	0.000E+0	0.000E+0	0.000E+0	0.000E+0	0.000E+0	0.000E+0	1.000E+0	0.000E+0	0.000E+0	2.000E+0	8.000E+0	1.700E+1	2.600E+1	1.800E+1	1.600E+1	2.000E+1	2.600E+1	2.100E+1	2.400E+1	1.700E+1	2.600E+1	2.300E+1	2.500E+1	2.300E+1	1.800E+1	2.300E+1	2.700E+1	3.100E+1	3.000E+1	3.600E+1	3.500E+1	3.300E+1	2.400E+1	1.900E+1	2.000E+1	1.900E+1	1.600E+1	7.000E+0	9.000E+0	1.100E+1	1.900E+1	2.700E+1	3.800E+1	3.600E+1	9.000E+0	1.500E+1	1.200E+1	1.800E+1	1.500E+1	1.600E+1	1.900E+1	0.000E+0	0.000E+0	0.000E+0	0.000E+0	1.000E+0	0.000E+0	0.000E+0	2.000E+0	0.000E+0	0.000E+0	0.000E+0	1.000E+0	3.000E+0	4.000E+0	3.000E+0	3.400E+1	1.640E+2	7.160E+2	2.437E+3	7.816E+3	1.788E+4	2.988E+4	3.848E+4	3.800E+4	2.956E+4	1.847E+4	8.891E+3	3.221E+3	8.800E+2	2.260E+2	6.300E+1	1.200E+1	3.000E+0	4.000E+0	0.000E+0	0.000E+0	0.000E+0	0.000E+0	0.000E+0	0.000E+0	0.000E+0	0.000E+0	0.000E+0	1.000E+0	0.000E+0	0.000E+0	0.000E+0	0.000E+0	0.000E+0	0.000E+0	1.000E+0	1.000E+0	0.000E+0	1.000E+0	0.000E+0	0.000E+0	0.000E+0	0.000E+0	0.000E+0	0.000E+0	0.000E+0	0.000E+0	0.000E+0
1.000E+0	0.000E+0	1.000E+0	1.000E+0	0.000E+0	0.000E+0	1.000E+0	0.000E+0	1.000E+0	0.000E+0	0.000E+0	1.000E+0	1.000E+0	0.000E+0	1.000E+0	0.000E+0	0.000E+0	0.000E+0	0.000E+0	0.000E+0	0.000E+0	0.000E+0	0.000E+0	0.000E+0	1.600E+1	2.200E+1	2.900E+1	1.900E+1	1.300E+1	2.100E+1	2.700E+1	2.600E+1	1.900E+1	2.100E+1	2.900E+1	1.800E+1	2.100E+1	1.900E+1	2.600E+1	2.000E+1	2.400E+1	2.700E+1	2.100E+1	2.800E+1	3.400E+1	2.600E+1	3.000E+1	1.700E+1	1.800E+1	2.400E+1	2.700E+1	1.300E+1	9.000E+0	1.400E+1	1.500E+1	2.400E+1	3.700E+1	4.500E+1	7.000E+0	1.200E+1	1.800E+1	1.300E+1	1.700E+1	1.100E+1	1.200E+1	0.000E+0	0.000E+0	0.000E+0	0.000E+0	0.000E+0	0.000E+0	0.000E+0	0.000E+0	1.000E+0	0.000E+0	0.000E+0	0.000E+0	0.000E+0	2.000E+0	6.000E+0	3.000E+1	1.600E+2	7.260E+2	2.472E+3	7.255E+3	1.737E+4	3.032E+4	3.912E+4	3.815E+4	2.992E+4	1.874E+4	8.630E+3	3.049E+3	8.270E+2	2.450E+2	4.900E+1	9.000E+0	4.000E+0	0.000E+0	1.000E+0	1.000E+0	1.000E+0	0.000E+0	1.000E+0	0.000E+0	1.000E+0	0.000E+0	0.000E+0	0.000E+0	0.000E+0	0.000E+0	0.000E+0	0.000E+0	0.000E+0	0.000E+0	0.000E+0	1.000E+0	0.000E+0	0.000E+0	0.000E+0	0.000E+0	0.000E+0	0.000E+0	0.000E+0	0.000E+0	0.000E+0	0.000E+0	0.000E+0
0.000E+0	0.000E+0	0.000E+0	0.000E+0	0.000E+0	0.000E+0	0.000E+0	0.000E+0	0.000E+0	1.000E+0	1.000E+0	0.000E+0	0.000E+0	0.000E+0	0.000E+0	0.000E+0	0.000E+0	0.000E+0	0.000E+0	1.000E+0	0.000E+0	0.000E+0	0.000E+0	1.000E+0	8.000E+0	1.500E+1	1.300E+1	2.200E+1	2.300E+1	1.700E+1	1.600E+1	2.600E+1	2.500E+1	2.100E+1	2.200E+1	2.000E+1	2.600E+1	2.900E+1	2.300E+1	3.500E+1	2.700E+1	3.700E+1	3.000E+1	3.700E+1	3.800E+1	3.500E+1	2.700E+1	1.500E+1	2.600E+1	2.300E+1	1.600E+1	1.400E+1	1.500E+1	1.600E+1	1.200E+1	2.500E+1	3.100E+1	4.000E+1	1.000E+1	1.300E+1	1.300E+1	1.200E+1	7.000E+0	1.600E+1	2.200E+1	0.000E+0	0.000E+0	0.000E+0	1.000E+0	0.000E+0	0.000E+0	0.000E+0	0.000E+0	0.000E+0	0.000E+0	0.000E+0	0.000E+0	0.000E+0	2.000E+0	9.000E+0	2.200E+1	1.430E+2	5.510E+2	2.311E+3	7.484E+3	1.877E+4	3.081E+4	3.867E+4	3.852E+4	3.028E+4	1.796E+4	8.859E+3	3.775E+3	1.319E+3	2.490E+2	4.500E+1	1.300E+1	2.000E+0	3.000E+0	0.000E+0	0.000E+0	0.000E+0	0.000E+0	0.000E+0	0.000E+0	0.000E+0	0.000E+0	0.000E+0	1.000E+0	0.000E+0	0.000E+0	0.000E+0	0.000E+0	0.000E+0	0.000E+0	0.000E+0	0.000E+0	0.000E+0	0.000E+0	0.000E+0	0.000E+0	0.000E+0	0.000E+0	0.000E+0	0.000E+0	0.000E+0	0.000E+0	0.000E+0
0.000E+0	0.000E+0	0.000E+0	0.000E+0	0.000E+0	0.000E+0	0.000E+0	0.000E+0	0.000E+0	0.000E+0	0.000E+0	0.000E+0	1.000E+0	0.000E+0	0.000E+0	0.000E+0	0.000E+0	0.000E+0	0.000E+0	0.000E+0	1.000E+0	0.000E+0	1.000E+0	0.000E+0	1.000E+1	1.500E+1	2.500E+1	2.200E+1	2.900E+1	3.100E+1	3.100E+1	3.000E+1	2.000E+1	2.100E+1	3.000E+1	2.100E+1	2.000E+1	1.500E+1	2.000E+1	2.500E+1	3.100E+1	3.100E+1	3.000E+1	4.000E+1	3.400E+1	1.700E+1	2.200E+1	2.600E+1	1.700E+1	2.100E+1	1.700E+1	1.200E+1	1.400E+1	2.000E+1	1.900E+1	1.500E+1	2.600E+1	4.500E+1	9.000E+0	1.000E+1	1.700E+1	1.200E+1	1.200E+1	1.800E+1	2.200E+1	4.000E+0	0.000E+0	0.000E+0	1.000E+0	0.000E+0	0.000E+0	0.000E+0	0.000E+0	0.000E+0	1.000E+0	1.000E+0	1.000E+0	0.000E+0	2.000E+0	4.000E+0	4.100E+1	2.210E+2	8.490E+2	2.932E+3	8.389E+3	1.843E+4	2.978E+4	3.681E+4	3.656E+4	2.904E+4	1.852E+4	9.369E+3	3.794E+3	1.101E+3	2.840E+2	5.700E+1	1.800E+1	7.000E+0	1.000E+0	2.000E+0	1.000E+0	0.000E+0	0.000E+0	0.000E+0	0.000E+0	0.000E+0	0.000E+0	0.000E+0	1.000E+0	0.000E+0	0.000E+0	0.000E+0	0.000E+0	1.000E+0	0.000E+0	0.000E+0	1.000E+0	0.000E+0	0.000E+0	0.000E+0	0.000E+0	0.000E+0	0.000E+0	0.000E+0	0.000E+0	0.000E+0	0.000E+0	0.000E+0
0.000E+0	0.000E+0	1.000E+0	0.000E+0	0.000E+0	0.000E+0	0.000E+0	0.000E+0	0.000E+0	1.000E+0	0.000E+0	0.000E+0	0.000E+0	1.000E+0	1.000E+0	0.000E+0	1.000E+0	0.000E+0	1.000E+0	0.000E+0	0.000E+0	0.000E+0	0.000E+0	0.000E+0	6.000E+0	1.800E+1	2.500E+1	2.700E+1	3.200E+1	2.000E+1	1.900E+1	1.900E+1	3.000E+1	2.200E+1	2.200E+1	2.800E+1	2.600E+1	2.300E+1	1.900E+1	2.700E+1	2.200E+1	3.200E+1	3.900E+1	3.900E+1	3.200E+1	3.100E+1	2.000E+1	1.500E+1	2.300E+1	2.300E+1	1.000E+1	1.900E+1	1.600E+1	1.500E+1	1.700E+1	1.800E+1	3.500E+1	3.300E+1	6.000E+0	1.000E+1	1.500E+1	1.100E+1	1.200E+1	1.900E+1	2.500E+1	1.000E+0	1.000E+0	1.000E+0	0.000E+0	0.000E+0	0.000E+0	0.000E+0	0.000E+0	0.000E+0	0.000E+0	0.000E+0	1.000E+0	0.000E+0	2.000E+0	7.000E+0	2.700E+1	1.300E+2	5.080E+2	2.204E+3	7.716E+3	1.868E+4	3.042E+4	3.849E+4	3.800E+4	2.994E+4	1.774E+4	8.833E+3	3.674E+3	1.233E+3	3.630E+2	8.100E+1	2.400E+1	3.000E+0	3.000E+0	0.000E+0	0.000E+0	0.000E+0	0.000E+0	0.000E+0	0.000E+0	1.000E+0	2.000E+0	0.000E+0	0.000E+0	0.000E+0	0.000E+0	0.000E+0	0.000E+0	0.000E+0	1.000E+0	0.000E+0	1.000E+0	0.000E+0	0.000E+0	0.000E+0	0.000E+0	0.000E+0	0.000E+0	0.000E+0	0.000E+0	0.000E+0	0.000E+0	0.000E+0
0.000E+0	0.000E+0	0.000E+0	0.000E+0	0.000E+0	1.000E+0	0.000E+0	0.000E+0	0.000E+0	0.000E+0	0.000E+0	0.000E+0	0.000E+0	0.000E+0	0.000E+0	0.000E+0	0.000E+0	0.000E+0	1.000E+0	0.000E+0	1.000E+0	0.000E+0	1.000E+0	0.000E+0	9.000E+0	2.200E+1	1.800E+1	2.000E+1	1.900E+1	2.200E+1	2.000E+1	2.300E+1	2.100E+1	1.600E+1	2.300E+1	1.900E+1	2.500E+1	2.600E+1	3.200E+1	2.100E+1	2.500E+1	3.800E+1	3.900E+1	3.600E+1	4.500E+1	2.300E+1	1.800E+1	1.400E+1	2.100E+1	1.700E+1	1.700E+1	1.900E+1	2.000E+1	2.800E+1	1.900E+1	3.600E+1	3.900E+1	4.200E+1	1.100E+1	1.300E+1	1.000E+1	1.100E+1	1.800E+1	2.500E+1	3.000E+1	2.000E+0	0.000E+0	0.000E+0	1.000E+0	0.000E+0	1.000E+0	0.000E+0	0.000E+0	0.000E+0	1.000E+0	0.000E+0	0.000E+0	0.000E+0	2.000E+0	6.000E+0	2.700E+1	1.360E+2	6.990E+2	2.553E+3	7.614E+3	1.762E+4	3.003E+4	3.881E+4	3.830E+4	2.957E+4	1.903E+4	9.141E+3	3.382E+3	9.410E+2	2.900E+2	7.300E+1	1.900E+1	1.000E+0	0.000E+0	1.000E+0	1.000E+0	0.000E+0	0.000E+0	1.000E+0	0.000E+0	1.000E+0	0.000E+0	0.000E+0	1.000E+0	1.000E+0	0.000E+0	0.000E+0	0.000E+0	0.000E+0	0.000E+0	0.000E+0	0.000E+0	0.000E+0	0.000E+0	0.000E+0	1.000E+0	0.000E+0	1.000E+0	0.000E+0	0.000E+0	0.000E+0	0.000E+0	0.000E+0
1.000E+0	0.000E+0	0.000E+0	0.000E+0	0.000E+0	0.000E+0	0.000E+0	0.000E+0	0.000E+0	0.000E+0	0.000E+0	0.000E+0	0.000E+0	0.000E+0	0.000E+0	0.000E+0	0.000E+0	0.000E+0	0.000E+0	0.000E+0	0.000E+0	0.000E+0	0.000E+0	0.000E+0	1.000E+1	2.400E+1	2.600E+1	2.200E+1	2.800E+1	2.500E+1	2.100E+1	3.400E+1	2.200E+1	2.000E+1	1.900E+1	2.800E+1	1.900E+1	1.700E+1	2.100E+1	2.800E+1	2.400E+1	2.800E+1	3.700E+1	2.700E+1	3.700E+1	2.600E+1	2.500E+1	2.200E+1	1.600E+1	2.100E+1	2.000E+1	1.100E+1	1.500E+1	1.900E+1	2.400E+1	1.600E+1	3.900E+1	3.800E+1	7.000E+0	1.500E+1	1.600E+1	1.000E+1	1.700E+1	1.700E+1	2.300E+1	0.000E+0	0.000E+0	0.000E+0	0.000E+0	0.000E+0	1.000E+0	0.000E+0	0.000E+0	0.000E+0	0.000E+0	0.000E+0	2.000E+0	1.000E+0	1.000E+0	6.000E+0	4.700E+1	1.500E+2	6.190E+2	2.335E+3	7.646E+3	1.823E+4	3.023E+4	3.906E+4	3.866E+4	2.926E+4	1.772E+4	8.951E+3	3.387E+3	9.900E+2	2.090E+2	4.800E+1	9.000E+0	3.000E+0	0.000E+0	0.000E+0	0.000E+0	0.000E+0	0.000E+0	1.000E+0	0.000E+0	0.000E+0	0.000E+0	0.000E+0	0.000E+0	0.000E+0	0.000E+0	1.000E+0	0.000E+0	0.000E+0	0.000E+0	0.000E+0	0.000E+0	0.000E+0	0.000E+0	0.000E+0	0.000E+0	0.000E+0	1.000E+0	0.000E+0	0.000E+0	1.000E+0	0.000E+0	0.000E+0
0.000E+0	0.000E+0	0.000E+0	0.000E+0	0.000E+0	0.000E+0	0.000E+0	0.000E+0	0.000E+0	1.000E+0	0.000E+0	1.000E+0	0.000E+0	0.000E+0	1.000E+0	1.000E+0	0.000E+0	0.000E+0	0.000E+0	1.000E+0	0.000E+0	0.000E+0	0.000E+0	0.000E+0	8.000E+0	2.000E+1	1.800E+1	2.600E+1	1.800E+1	2.400E+1	3.000E+1	2.600E+1	2.600E+1	2.000E+1	1.800E+1	2.800E+1	2.700E+1	2.800E+1	2.600E+1	2.800E+1	2.300E+1	2.500E+1	3.100E+1	3.200E+1	4.100E+1	3.400E+1	2.500E+1	1.300E+1	2.300E+1	1.900E+1	2.100E+1	1.900E+1	1.400E+1	1.800E+1	2.800E+1	2.400E+1	3.400E+1	3.800E+1	1.100E+1	7.000E+0	1.400E+1	1.500E+1	2.100E+1	1.300E+1	1.900E+1	2.000E+0	0.000E+0	0.000E+0	2.000E+0	0.000E+0	0.000E+0	0.000E+0	0.000E+0	0.000E+0	1.000E+0	2.000E+0	0.000E+0	0.000E+0	4.000E+0	6.000E+0	2.700E+1	1.310E+2	5.310E+2	2.237E+3	7.685E+3	1.791E+4	3.034E+4	3.907E+4	3.879E+4	2.939E+4	1.801E+4	8.915E+3	3.442E+3	1.017E+3	2.000E+2	4.600E+1	8.000E+0	3.000E+0	2.000E+0	1.000E+0	0.000E+0	0.000E+0	0.000E+0	0.000E+0	1.000E+0	1.000E+0	0.000E+0	1.000E+0	0.000E+0	0.000E+0	0.000E+0	0.000E+0	0.000E+0	1.000E+0	0.000E+0	0.000E+0	0.000E+0	0.000E+0	0.000E+0	0.000E+0	0.000E+0	0.000E+0	0.000E+0	0.000E+0	0.000E+0	0.000E+0	0.000E+0	0.000E+0
0.000E+0	0.000E+0	1.000E+0	1.000E+0	0.000E+0	0.000E+0	0.000E+0	0.000E+0	0.000E+0	0.000E+0	0.000E+0	0.000E+0	0.000E+0	0.000E+0	0.000E+0	0.000E+0	0.000E+0	1.000E+0	1.000E+0	1.000E+0	0.000E+0	0.000E+0	0.000E+0	1.000E+0	1.000E+1	2.000E+1	2.000E+1	1.800E+1	1.700E+1	2.300E+1	2.200E+1	2.600E+1	1.700E+1	1.500E+1	2.000E+1	2.800E+1	1.800E+1	1.500E+1	3.100E+1	1.600E+1	2.600E+1	3.200E+1	2.600E+1	2.600E+1	3.300E+1	3.000E+1	2.300E+1	2.100E+1	2.000E+1	1.500E+1	1.600E+1	1.000E+1	7.000E+0	1.800E+1	2.000E+1	3.200E+1	3.900E+1	3.600E+1	1.200E+1	2.000E+1	1.000E+1	1.200E+1	9.000E+0	1.200E+1	1.800E+1	0.000E+0	0.000E+0	0.000E+0	1.000E+0	0.000E+0	1.000E+0	0.000E+0	0.000E+0	0.000E+0	0.000E+0	0.000E+0	0.000E+0	1.000E+0	2.000E+0	1.000E+1	4.200E+1	1.880E+2	8.140E+2	2.904E+3	8.692E+3	1.851E+4	2.930E+4	3.682E+4	3.620E+4	2.840E+4	1.791E+4	9.466E+3	3.852E+3	1.214E+3	3.250E+2	4.900E+1	9.000E+0	4.000E+0	3.000E+0	1.000E+0	0.000E+0	0.000E+0	1.000E+0	0.000E+0	0.000E+0	0.000E+0	1.000E+0	0.000E+0	0.000E+0	1.000E+0	0.000E+0	1.000E+0	0.000E+0	0.000E+0	0.000E+0	0.000E+0	0.000E+0	0.000E+0	0.000E+0	1.000E+0	0.000E+0	0.000E+0	0.000E+0	0.000E+0	0.000E+0	0.000E+0	0.000E+0	0.000E+0
0.000E+0	0.000E+0	1.000E+0	1.000E+0	0.000E+0	0.000E+0	0.000E+0	0.000E+0	0.000E+0	0.000E+0	0.000E+0	0.000E+0	0.000E+0	1.000E+0	0.000E+0	0.000E+0	1.000E+0	0.000E+0	0.000E+0	0.000E+0	0.000E+0	0.000E+0	1.000E+0	2.000E+0	9.000E+0	2.600E+1	2.200E+1	2.100E+1	2.800E+1	1.600E+1	2.600E+1	1.900E+1	2.200E+1	2.500E+1	3.500E+1	1.800E+1	2.900E+1	2.700E+1	1.800E+1	2.400E+1	3.400E+1	2.000E+1	2.900E+1	4.600E+1	3.300E+1	1.400E+1	2.100E+1	1.100E+1	1.800E+1	1.200E+1	2.000E+1	1.700E+1	2.100E+1	2.000E+1	2.300E+1	3.600E+1	3.100E+1	4.700E+1	1.200E+1	1.500E+1	1.200E+1	2.300E+1	1.900E+1	1.600E+1	1.800E+1	2.000E+0	0.000E+0	0.000E+0	1.000E+0	0.000E+0	0.000E+0	0.000E+0	0.000E+0	0.000E+0	0.000E+0	0.000E+0	2.000E+0	0.000E+0	2.000E+0	7.000E+0	2.000E+1	1.530E+2	7.050E+2	2.430E+3	7.336E+3	1.786E+4	3.139E+4	3.962E+4	3.935E+4	3.080E+4	1.859E+4	8.669E+3	3.214E+3	1.101E+3	2.840E+2	6.800E+1	9.000E+0	6.000E+0	1.000E+0	1.000E+0	0.000E+0	0.000E+0	0.000E+0	0.000E+0	1.000E+0	0.000E+0	0.000E+0	0.000E+0	0.000E+0	0.000E+0	0.000E+0	1.000E+0	0.000E+0	0.000E+0	0.000E+0	1.000E+0	0.000E+0	0.000E+0	0.000E+0	0.000E+0	0.000E+0	0.000E+0	0.000E+0	0.000E+0	0.000E+0	0.000E+0	0.000E+0	0.000E+0
0.000E+0	1.000E+0	0.000E+0	0.000E+0	0.000E+0	0.000E+0	0.000E+0	0.000E+0	1.000E+0	0.000E+0	0.000E+0	1.000E+0	0.000E+0	0.000E+0	0.000E+0	1.000E+0	0.000E+0	0.000E+0	1.000E+0	1.000E+0	0.000E+0	0.000E+0	0.000E+0	1.000E+0	1.400E+1	2.600E+1	2.600E+1	2.900E+1	2.200E+1	2.100E+1	1.500E+1	2.100E+1	2.600E+1	2.400E+1	2.100E+1	3.000E+1	2.300E+1	2.700E+1	3.100E+1	2.100E+1	3.100E+1	2.200E+1	4.600E+1	4.600E+1	5.000E+1	2.900E+1	2.600E+1	1.500E+1	1.300E+1	1.800E+1	1.600E+1	1.100E+1	2.200E+1	2.300E+1	1.900E+1	3.500E+1	3.900E+1	4.000E+1	1.100E+1	1.900E+1	1.400E+1	4.000E+0	1.400E+1	2.500E+1	2.800E+1	2.000E+0	0.000E+0	1.000E+0	1.000E+0	0.000E+0	0.000E+0	0.000E+0	0.000E+0	0.000E+0	0.000E+0	0.000E+0	0.000E+0	0.000E+0	1.000E+0	1.200E+1	2.800E+1	1.440E+2	5.180E+2	2.093E+3	7.372E+3	1.825E+4	3.184E+4	4.035E+4	3.977E+4	3.057E+4	1.861E+4	8.506E+3	3.134E+3	9.020E+2	2.210E+2	3.900E+1	1.500E+1	2.000E+0	0.000E+0	1.000E+0	0.000E+0	0.000E+0	0.000E+0	1.000E+0	0.000E+0	0.000E+0	0.000E+0	0.000E+0	0.000E+0	0.000E+0	0.000E+0	0.000E+0	0.000E+0	0.000E+0	1.000E+0	0.000E+0	0.000E+0	0.000E+0	1.000E+0	0.000E+0	0.000E+0	0.000E+0	0.000E+0	0.000E+0	0.000E+0	0.000E+0	0.000E+0	0.000E+0
0.000E+0	0.000E+0	1.000E+0	0.000E+0	0.000E+0	0.000E+0	1.000E+0	0.000E+0	0.000E+0	0.000E+0	0.000E+0	0.000E+0	1.000E+0	0.000E+0	0.000E+0	1.000E+0	0.000E+0	1.000E+0	0.000E+0	1.000E+0	1.000E+0	0.000E+0	1.000E+0	2.000E+0	9.000E+0	1.900E+1	2.200E+1	2.200E+1	2.100E+1	2.100E+1	2.700E+1	3.000E+1	3.000E+1	2.900E+1	2.000E+1	2.800E+1	2.600E+1	2.700E+1	2.800E+1	2.100E+1	2.100E+1	2.500E+1	3.800E+1	4.400E+1	4.200E+1	3.100E+1	1.400E+1	2.100E+1	1.400E+1	2.100E+1	1.500E+1	1.700E+1	1.000E+1	1.600E+1	1.800E+1	2.700E+1	3.100E+1	3.600E+1	1.000E+1	9.000E+0	1.400E+1	1.300E+1	1.100E+1	1.800E+1	1.900E+1	1.000E+0	0.000E+0	0.000E+0	0.000E+0	0.000E+0	0.000E+0	0.000E+0	0.000E+0	0.000E+0	0.000E+0	0.000E+0	1.000E+0	1.000E+0	2.000E+0	5.000E+0	2.600E+1	1.490E+2	6.480E+2	2.310E+3	7.397E+3	1.805E+4	3.126E+4	3.966E+4	3.911E+4	3.074E+4	1.856E+4	8.282E+3	3.108E+3	9.480E+2	2.730E+2	5.300E+1	1.100E+1	3.000E+0	0.000E+0	1.000E+0	1.000E+0	0.000E+0	0.000E+0	0.000E+0	0.000E+0	0.000E+0	1.000E+0	0.000E+0	0.000E+0	0.000E+0	0.000E+0	0.000E+0	0.000E+0	0.000E+0	0.000E+0	0.000E+0	0.000E+0	0.000E+0	0.000E+0	1.000E+0	0.000E+0	0.000E+0	1.000E+0	0.000E+0	0.000E+0	0.000E+0	0.000E+0	0.000E+0
1.000E+0	1.000E+0	1.000E+0	0.000E+0	0.000E+0	0.000E+0	0.000E+0	0.000E+0	0.000E+0	0.000E+0	0.000E+0	0.000E+0	0.000E+0	0.000E+0	0.000E+0	0.000E+0	1.000E+0	0.000E+0	0.000E+0	0.000E+0	0.000E+0	2.000E+0	0.000E+0	1.000E+0	8.000E+0	2.800E+1	2.800E+1	1.800E+1	1.600E+1	1.900E+1	2.700E+1	2.300E+1	2.500E+1	2.000E+1	2.400E+1	3.000E+1	2.100E+1	2.200E+1	2.300E+1	1.800E+1	2.100E+1	2.700E+1	3.800E+1	4.000E+1	3.600E+1	2.100E+1	1.700E+1	1.300E+1	1.400E+1	1.500E+1	2.000E+1	2.300E+1	1.700E+1	1.800E+1	1.600E+1	3.600E+1	2.800E+1	3.200E+1	1.400E+1	7.000E+0	1.100E+1	1.600E+1	1.400E+1	1.700E+1	1.400E+1	0.000E+0	0.000E+0	0.000E+0	0.000E+0	0.000E+0	0.000E+0	0.000E+0	0.000E+0	0.000E+0	0.000E+0	0.000E+0	0.000E+0	0.000E+0	6.000E+0	3.000E+0	2.300E+1	1.040E+2	4.740E+2	2.112E+3	7.397E+3	1.772E+4	3.053E+4	3.912E+4	3.821E+4	2.998E+4	1.847E+4	8.775E+3	3.128E+3	8.340E+2	2.020E+2	7.000E+1	1.500E+1	8.000E+0	1.000E+0	1.000E+0	1.000E+0	0.000E+0	0.000E+0	1.000E+0	0.000E+0	0.000E+0	0.000E+0	0.000E+0	0.000E+0	1.000E+0	0.000E+0	0.000E+0	0.000E+0	0.000E+0	0.000E+0	0.000E+0	0.000E+0	0.000E+0	0.000E+0	1.000E+0	0.000E+0	0.000E+0	0.000E+0	0.000E+0	0.000E+0	1.000E+0	0.000E+0	1.000E+0
1.000E+0	2.000E+0	0.000E+0	0.000E+0	0.000E+0	0.000E+0	0.000E+0	0.000E+0	1.000E+0	0.000E+0	0.000E+0	0.000E+0	1.000E+0	0.000E+0	0.000E+0	0.000E+0	0.000E+0	0.000E+0	1.000E+0	1.000E+0	0.000E+0	0.000E+0	0.000E+0	0.000E+0	9.000E+0	2.500E+1	2.200E+1	2.000E+1	1.700E+1	2.000E+1	3.100E+1	2.600E+1	2.100E+1	2.300E+1	2.300E+1	2.300E+1	2.100E+1	2.700E+1	2.500E+1	1.900E+1	2.100E+1	3.300E+1	2.400E+1	4.200E+1	4.000E+1	4.400E+1	2.400E+1	1.500E+1	2.200E+1	2.500E+1	5.000E+0	1.000E+1	1.600E+1	2.100E+1	2.500E+1	4.500E+1	3.700E+1	3.500E+1	8.000E+0	1.400E+1	1.200E+1	1.800E+1	9.000E+0	1.400E+1	2.000E+1	1.000E+0	1.000E+0	0.000E+0	0.000E+0	0.000E+0	0.000E+0	0.000E+0	0.000E+0	0.000E+0	0.000E+0	0.000E+0	0.000E+0	0.000E+0	3.000E+0	5.000E+0	1.700E+1	1.330E+2	5.790E+2	2.249E+3	7.151E+3	1.774E+4	3.142E+4	4.039E+4	3.953E+4	3.064E+4	1.871E+4	8.699E+3	3.229E+3	9.870E+2	2.450E+2	4.500E+1	1.800E+1	5.000E+0	0.000E+0	1.000E+0	0.000E+0	0.000E+0	0.000E+0	0.000E+0	0.000E+0	0.000E+0	0.000E+0	0.000E+0	1.000E+0	1.000E+0	1.000E+0	0.000E+0	0.000E+0	0.000E+0	0.000E+0	0.000E+0	0.000E+0	0.000E+0	0.000E+0	0.000E+0	0.000E+0	0.000E+0	0.000E+0	0.000E+0	0.000E+0	0.000E+0	0.000E+0	0.000E+0
0.000E+0	0.000E+0	1.000E+0	1.000E+0	0.000E+0	0.000E+0	0.000E+0	1.000E+0	0.000E+0	0.000E+0	0.000E+0	0.000E+0	0.000E+0	0.000E+0	0.000E+0	1.000E+0	0.000E+0	0.000E+0	0.000E+0	1.000E+0	0.000E+0	1.000E+0	0.000E+0	0.000E+0	1.100E+1	2.800E+1	2.900E+1	3.100E+1	2.200E+1	2.500E+1	1.800E+1	2.600E+1	2.800E+1	2.400E+1	2.000E+1	3.200E+1	2.200E+1	2.400E+1	1.600E+1	2.500E+1	2.200E+1	2.600E+1	2.800E+1	3.800E+1	4.500E+1	2.300E+1	2.400E+1	1.400E+1	1.000E+1	2.000E+1	1.300E+1	1.800E+1	1.500E+1	1.500E+1	2.400E+1	3.400E+1	3.400E+1	3.300E+1	1.100E+1	7.000E+0	1.500E+1	1.400E+1	9.000E+0	1.900E+1	3.100E+1	1.000E+0	0.000E+0	0.000E+0	0.000E+0	1.000E+0	0.000E+0	0.000E+0	0.000E+0	1.000E+0	0.000E+0	0.000E+0	0.000E+0	2.000E+0	1.000E+0	4.000E+0	2.000E+1	1.570E+2	6.490E+2	2.393E+3	7.654E+3	1.768E+4	3.083E+4	3.957E+4	3.845E+4	3.028E+4	1.886E+4	8.615E+3	3.016E+3	8.620E+2	2.770E+2	5.300E+1	1.600E+1	6.000E+0	2.000E+0	2.000E+0	0.000E+0	0.000E+0	0.000E+0	0.000E+0	0.000E+0	0.000E+0	0.000E+0	0.000E+0	0.000E+0	0.000E+0	1.000E+0	0.000E+0	2.000E+0	0.000E+0	0.000E+0	0.000E+0	0.000E+0	1.000E+0	0.000E+0	0.000E+0	0.000E+0	0.000E+0	2.000E+0	0.000E+0	0.000E+0	0.000E+0	0.000E+0	0.000E+0
0.000E+0	0.000E+0	0.000E+0	0.000E+0	0.000E+0	0.000E+0	0.000E+0	1.000E+0	1.000E+0	0.000E+0	1.000E+0	0.000E+0	0.000E+0	0.000E+0	0.000E+0	0.000E+0	0.000E+0	0.000E+0	0.000E+0	1.000E+0	0.000E+0	1.000E+0	0.000E+0	1.000E+0	1.600E+1	2.200E+1	2.800E+1	1.300E+1	2.100E+1	2.700E+1	2.000E+1	2.600E+1	2.500E+1	2.800E+1	2.300E+1	2.000E+1	2.000E+1	2.800E+1	2.300E+1	2.500E+1	2.500E+1	3.500E+1	2.400E+1	4.200E+1	3.400E+1	2.300E+1	1.300E+1	1.200E+1	1.600E+1	1.100E+1	1.300E+1	2.000E+1	1.900E+1	2.100E+1	3.300E+1	2.400E+1	3.900E+1	4.600E+1	1.100E+1	1.900E+1	1.500E+1	1.400E+1	1.700E+1	2.400E+1	3.200E+1	0.000E+0	0.000E+0	0.000E+0	0.000E+0	1.000E+0	0.000E+0	0.000E+0	0.000E+0	1.000E+0	0.000E+0	0.000E+0	0.000E+0	2.000E+0	5.000E+0	5.000E+0	3.100E+1	1.280E+2	6.100E+2	2.388E+3	7.426E+3	1.827E+4	3.154E+4	4.030E+4	3.920E+4	3.036E+4	1.884E+4	8.886E+3	3.353E+3	9.060E+2	2.340E+2	4.700E+1	8.000E+0	0.000E+0	2.000E+0	0.000E+0	2.000E+0	0.000E+0	1.000E+0	1.000E+0	0.000E+0	1.000E+0	2.000E+0	0.000E+0	0.000E+0	1.000E+0	0.000E+0	2.000E+0	0.000E+0	0.000E+0	0.000E+0	0.000E+0	0.000E+0	0.000E+0	0.000E+0	1.000E+0	0.000E+0	0.000E+0	0.000E+0	0.000E+0	0.000E+0	0.000E+0	0.000E+0	0.000E+0
1.000E+0	0.000E+0	0.000E+0	0.000E+0	0.000E+0	1.000E+0	0.000E+0	0.000E+0	0.000E+0	0.000E+0	0.000E+0	1.000E+0	0.000E+0	1.000E+0	0.000E+0	0.000E+0	1.000E+0	0.000E+0	0.000E+0	0.000E+0	1.000E+0	0.000E+0	0.000E+0	0.000E+0	9.000E+0	2.000E+1	2.400E+1	2.500E+1	2.600E+1	3.400E+1	2.600E+1	2.300E+1	2.700E+1	2.500E+1	2.300E+1	1.800E+1	1.500E+1	1.900E+1	1.600E+1	3.400E+1	3.100E+1	2.300E+1	2.800E+1	2.800E+1	4.200E+1	2.500E+1	1.900E+1	1.800E+1	2.600E+1	1.100E+1	1.700E+1	2.000E+1	1.400E+1	9.000E+0	2.000E+1	2.400E+1	3.400E+1	3.600E+1	1.300E+1	1.600E+1	1.000E+1	7.000E+0	1.300E+1	2.000E+1	2.000E+1	1.000E+0	0.000E+0	0.000E+0	1.000E+0	0.000E+0	1.000E+0	1.000E+0	0.000E+0	0.000E+0	0.000E+0	0.000E+0	0.000E+0	1.000E+0	0.000E+0	8.000E+0	3.500E+1	1.190E+2	5.870E+2	2.321E+3	7.526E+3	1.813E+4	3.085E+4	3.964E+4	3.957E+4	3.023E+4	1.830E+4	9.092E+3	3.309E+3	9.300E+2	2.450E+2	6.900E+1	1.400E+1	0.000E+0	1.000E+0	1.000E+0	0.000E+0	0.000E+0	1.000E+0	0.000E+0	0.000E+0	0.000E+0	0.000E+0	1.000E+0	0.000E+0	0.000E+0	1.000E+0	0.000E+0	0.000E+0	0.000E+0	0.000E+0	0.000E+0	0.000E+0	0.000E+0	1.000E+0	1.000E+0	0.000E+0	1.000E+0	0.000E+0	0.000E+0	0.000E+0	0.000E+0	0.000E+0	0.000E+0
1.000E+0	0.000E+0	0.000E+0	0.000E+0	0.000E+0	0.000E+0	0.000E+0	0.000E+0	0.000E+0	0.000E+0	0.000E+0	0.000E+0	0.000E+0	1.000E+0	1.000E+0	0.000E+0	0.000E+0	0.000E+0	1.000E+0	1.000E+0	0.000E+0	0.000E+0	0.000E+0	0.000E+0	1.200E+1	1.600E+1	2.800E+1	1.900E+1	1.700E+1	2.000E+1	2.500E+1	2.300E+1	2.200E+1	2.100E+1	1.900E+1	2.300E+1	2.500E+1	2.300E+1	2.700E+1	3.100E+1	2.600E+1	3.100E+1	3.400E+1	4.500E+1	3.400E+1	3.000E+1	2.300E+1	2.500E+1	2.400E+1	1.400E+1	1.700E+1	1.900E+1	1.700E+1	2.400E+1	2.300E+1	3.100E+1	4.000E+1	4.100E+1	1.400E+1	1.200E+1	5.000E+0	1.100E+1	2.000E+1	1.600E+1	2.200E+1	0.000E+0	0.000E+0	0.000E+0	1.000E+0	1.000E+0	0.000E+0	0.000E+0	0.000E+0	0.000E+0	0.000E+0	0.000E+0	0.000E+0	1.000E+0	1.000E+0	8.000E+0	3.100E+1	1.650E+2	6.400E+2	2.202E+3	7.641E+3	1.859E+4	3.178E+4	4.004E+4	3.943E+4	3.121E+4	1.897E+4	8.940E+3	3.374E+3	1.076E+3	2.810E+2	6.200E+1	9.000E+0	4.000E+0	2.000E+0	1.000E+0	0.000E+0	0.000E+0	1.000E+0	0.000E+0	0.000E+0	0.000E+0	0.000E+0	2.000E+0	0.000E+0	0.000E+0	0.000E+0	0.000E+0	0.000E+0	0.000E+0	0.000E+0	0.000E+0	0.000E+0	0.000E+0	0.000E+0	0.000E+0	0.000E+0	0.000E+0	0.000E+0	0.000E+0	0.000E+0	0.000E+0	0.000E+0	0.000E+0
