# data file: O:\Labs\Laser-Lab 7-105a\BLS\BLS Data\2017-06-01\NRCL\2017-06-01_M1_const2p8GHz_0dBm_kepco_-0p15to0p15_both_pos_F3.tha
# data: TFPDAS4-Project - COUNTS ACC
# x axis: Kepco_XPS - Control Voltage Kepco
# y axis: Frequency
# x offset/multiplier: -1.500000E-1 / 5.000000E-3
# y offset/multiplier: -6.600000E+0 / 7.500000E-2
# Agilent_E8257D - FREQUENCY (Hz) - repetition: sum
# Kepco_XPS - Control Voltage Kepco - repetition: sum
# MICROSCOPE - ScanDimension_1 - repetition: sum
# Agilent_E8257D - FREQUENCY (Hz) - value: 2.800000E+9
# Kepco_XPS - Control Voltage Kepco - value: -1.500000E-1
# MICROSCOPE - ScanDimension_1 - value: 2.000000E+0
# Frequency between: -6.600000E+0 and 2.925000E+0 GHz
1.000E+0	0.000E+0	0.000E+0	0.000E+0	0.000E+0	0.000E+0	0.000E+0	0.000E+0	0.000E+0	1.000E+0	0.000E+0	0.000E+0	0.000E+0	0.000E+0	0.000E+0	0.000E+0	0.000E+0	0.000E+0	0.000E+0	0.000E+0	0.000E+0	0.000E+0	0.000E+0	0.000E+0	8.000E+0	3.000E+1	1.600E+1	1.600E+1	2.800E+1	1.900E+1	3.200E+1	3.000E+1	2.200E+1	2.300E+1	1.200E+1	1.700E+1	1.800E+1	2.300E+1	3.200E+1	2.900E+1	1.600E+1	3.000E+1	3.600E+1	6.000E+1	6.400E+1	4.400E+1	3.400E+1	3.300E+1	3.200E+1	2.800E+1	3.600E+1	2.700E+1	2.600E+1	2.300E+1	2.700E+1	2.700E+1	3.300E+1	5.400E+1	9.000E+0	8.000E+0	1.100E+1	1.200E+1	1.900E+1	1.600E+1	2.200E+1	1.000E+0	0.000E+0	0.000E+0	0.000E+0	1.000E+0	0.000E+0	0.000E+0	0.000E+0	1.000E+0	0.000E+0	0.000E+0	0.000E+0	0.000E+0	2.000E+0	9.000E+0	2.100E+1	1.160E+2	4.960E+2	2.067E+3	6.825E+3	1.811E+4	3.250E+4	4.129E+4	4.011E+4	3.141E+4	1.917E+4	9.045E+3	3.109E+3	9.220E+2	2.430E+2	4.600E+1	1.200E+1	8.000E+0	3.000E+0	0.000E+0	1.000E+0	0.000E+0	0.000E+0	0.000E+0	1.000E+0	0.000E+0	0.000E+0	0.000E+0	0.000E+0	0.000E+0	1.000E+0	0.000E+0	0.000E+0	0.000E+0	0.000E+0	0.000E+0	0.000E+0	0.000E+0	1.000E+0	1.000E+0	0.000E+0	1.000E+0	1.000E+0	0.000E+0	2.000E+0	0.000E+0	0.000E+0	0.000E+0
1.000E+0	0.000E+0	0.000E+0	0.000E+0	1.000E+0	0.000E+0	1.000E+0	0.000E+0	0.000E+0	0.000E+0	0.000E+0	1.000E+0	0.000E+0	0.000E+0	0.000E+0	0.000E+0	1.000E+0	0.000E+0	0.000E+0	0.000E+0	0.000E+0	0.000E+0	1.000E+0	3.000E+0	5.000E+0	1.400E+1	2.500E+1	1.700E+1	2.300E+1	1.900E+1	2.900E+1	2.800E+1	2.400E+1	2.400E+1	1.900E+1	1.400E+1	2.000E+1	2.500E+1	2.300E+1	2.700E+1	2.600E+1	3.500E+1	3.200E+1	6.200E+1	4.200E+1	5.000E+1	4.400E+1	3.100E+1	4.400E+1	4.100E+1	3.400E+1	3.000E+1	3.100E+1	2.400E+1	2.700E+1	3.900E+1	2.900E+1	5.000E+1	1.800E+1	9.000E+0	1.300E+1	1.300E+1	1.200E+1	1.100E+1	3.000E+1	0.000E+0	0.000E+0	1.000E+0	0.000E+0	1.000E+0	0.000E+0	0.000E+0	0.000E+0	1.000E+0	0.000E+0	0.000E+0	0.000E+0	1.000E+0	2.000E+0	1.000E+0	3.700E+1	1.630E+2	6.560E+2	2.304E+3	6.983E+3	1.772E+4	3.223E+4	4.089E+4	3.986E+4	3.124E+4	1.957E+4	8.877E+3	3.511E+3	9.900E+2	2.470E+2	5.900E+1	1.800E+1	8.000E+0	1.000E+0	0.000E+0	0.000E+0	0.000E+0	0.000E+0	0.000E+0	1.000E+0	0.000E+0	0.000E+0	0.000E+0	0.000E+0	0.000E+0	0.000E+0	0.000E+0	0.000E+0	0.000E+0	0.000E+0	0.000E+0	0.000E+0	0.000E+0	0.000E+0	0.000E+0	0.000E+0	0.000E+0	0.000E+0	0.000E+0	0.000E+0	0.000E+0	0.000E+0	1.000E+0
0.000E+0	0.000E+0	0.000E+0	0.000E+0	0.000E+0	0.000E+0	0.000E+0	1.000E+0	0.000E+0	0.000E+0	0.000E+0	0.000E+0	0.000E+0	0.000E+0	0.000E+0	0.000E+0	0.000E+0	0.000E+0	0.000E+0	0.000E+0	0.000E+0	0.000E+0	0.000E+0	1.000E+0	9.000E+0	1.800E+1	1.700E+1	3.300E+1	2.800E+1	1.700E+1	2.600E+1	1.600E+1	2.300E+1	1.500E+1	2.400E+1	3.000E+1	1.700E+1	3.400E+1	1.500E+1	2.200E+1	2.000E+1	3.400E+1	4.400E+1	5.200E+1	5.600E+1	4.300E+1	3.900E+1	2.500E+1	2.600E+1	2.800E+1	2.700E+1	2.300E+1	2.800E+1	3.800E+1	3.900E+1	4.500E+1	4.800E+1	4.300E+1	1.400E+1	8.000E+0	1.600E+1	1.400E+1	1.500E+1	2.500E+1	2.600E+1	0.000E+0	0.000E+0	0.000E+0	0.000E+0	0.000E+0	0.000E+0	0.000E+0	0.000E+0	0.000E+0	0.000E+0	0.000E+0	0.000E+0	0.000E+0	2.000E+0	7.000E+0	2.900E+1	1.490E+2	6.910E+2	2.428E+3	7.985E+3	1.883E+4	3.220E+4	4.037E+4	3.988E+4	3.089E+4	1.857E+4	9.073E+3	3.351E+3	1.006E+3	2.320E+2	5.100E+1	1.100E+1	3.000E+0	0.000E+0	1.000E+0	2.000E+0	0.000E+0	0.000E+0	0.000E+0	0.000E+0	1.000E+0	1.000E+0	0.000E+0	0.000E+0	0.000E+0	1.000E+0	0.000E+0	0.000E+0	0.000E+0	1.000E+0	1.000E+0	0.000E+0	0.000E+0	0.000E+0	0.000E+0	1.000E+0	0.000E+0	0.000E+0	0.000E+0	0.000E+0	1.000E+0	0.000E+0	0.000E+0
0.000E+0	0.000E+0	0.000E+0	0.000E+0	0.000E+0	0.000E+0	0.000E+0	0.000E+0	0.000E+0	0.000E+0	0.000E+0	0.000E+0	0.000E+0	1.000E+0	1.000E+0	1.000E+0	1.000E+0	0.000E+0	0.000E+0	0.000E+0	0.000E+0	0.000E+0	0.000E+0	0.000E+0	6.000E+0	1.900E+1	2.100E+1	1.800E+1	2.500E+1	2.200E+1	2.900E+1	2.500E+1	2.400E+1	2.400E+1	2.800E+1	1.100E+1	1.800E+1	1.800E+1	1.500E+1	2.700E+1	2.200E+1	3.500E+1	3.600E+1	4.200E+1	6.100E+1	4.500E+1	3.900E+1	3.000E+1	2.700E+1	3.100E+1	2.900E+1	3.600E+1	3.800E+1	4.300E+1	3.200E+1	4.100E+1	3.900E+1	4.800E+1	1.000E+1	1.300E+1	1.300E+1	1.500E+1	1.500E+1	2.100E+1	1.700E+1	1.000E+0	0.000E+0	0.000E+0	0.000E+0	0.000E+0	1.000E+0	0.000E+0	0.000E+0	0.000E+0	1.000E+0	0.000E+0	0.000E+0	1.000E+0	5.000E+0	8.000E+0	2.300E+1	1.430E+2	6.270E+2	2.318E+3	7.764E+3	1.930E+4	3.261E+4	4.094E+4	4.070E+4	3.174E+4	1.930E+4	9.172E+3	3.336E+3	9.600E+2	2.610E+2	5.600E+1	1.400E+1	3.000E+0	0.000E+0	0.000E+0	0.000E+0	0.000E+0	0.000E+0	0.000E+0	1.000E+0	0.000E+0	2.000E+0	0.000E+0	0.000E+0	0.000E+0	0.000E+0	0.000E+0	0.000E+0	0.000E+0	1.000E+0	0.000E+0	0.000E+0	0.000E+0	0.000E+0	0.000E+0	0.000E+0	1.000E+0	0.000E+0	0.000E+0	0.000E+0	1.000E+0	0.000E+0	0.000E+0
0.000E+0	1.000E+0	0.000E+0	0.000E+0	0.000E+0	0.000E+0	0.000E+0	0.000E+0	0.000E+0	0.000E+0	0.000E+0	0.000E+0	1.000E+0	0.000E+0	0.000E+0	0.000E+0	0.000E+0	2.000E+0	0.000E+0	0.000E+0	1.000E+0	0.000E+0	0.000E+0	3.000E+0	6.000E+0	1.300E+1	1.900E+1	1.800E+1	2.000E+1	2.300E+1	1.600E+1	1.800E+1	2.200E+1	1.600E+1	2.200E+1	2.400E+1	1.500E+1	1.800E+1	2.300E+1	2.700E+1	2.400E+1	2.300E+1	3.600E+1	3.300E+1	5.200E+1	4.000E+1	3.800E+1	4.100E+1	2.500E+1	3.300E+1	2.900E+1	2.400E+1	2.400E+1	3.400E+1	4.300E+1	4.000E+1	4.000E+1	6.600E+1	1.300E+1	1.600E+1	1.500E+1	1.600E+1	1.800E+1	2.200E+1	1.800E+1	1.000E+0	0.000E+0	0.000E+0	0.000E+0	1.000E+0	1.000E+0	1.000E+0	0.000E+0	0.000E+0	0.000E+0	2.000E+0	0.000E+0	0.000E+0	2.000E+0	1.100E+1	3.200E+1	1.640E+2	8.030E+2	2.736E+3	8.001E+3	1.821E+4	3.088E+4	3.987E+4	3.974E+4	3.098E+4	1.963E+4	9.584E+3	3.442E+3	9.840E+2	2.530E+2	4.700E+1	1.400E+1	3.000E+0	0.000E+0	0.000E+0	1.000E+0	0.000E+0	0.000E+0	0.000E+0	0.000E+0	0.000E+0	0.000E+0	0.000E+0	0.000E+0	0.000E+0	0.000E+0	0.000E+0	0.000E+0	0.000E+0	0.000E+0	0.000E+0	0.000E+0	0.000E+0	2.000E+0	2.000E+0	0.000E+0	0.000E+0	0.000E+0	0.000E+0	1.000E+0	1.000E+0	0.000E+0	0.000E+0
1.000E+0	1.000E+0	1.000E+0	0.000E+0	1.000E+0	0.000E+0	0.000E+0	0.000E+0	0.000E+0	0.000E+0	0.000E+0	0.000E+0	0.000E+0	0.000E+0	0.000E+0	0.000E+0	0.000E+0	1.000E+0	2.000E+0	0.000E+0	0.000E+0	0.000E+0	1.000E+0	0.000E+0	1.000E+1	1.400E+1	1.900E+1	1.600E+1	2.000E+1	2.100E+1	2.100E+1	2.000E+1	2.100E+1	2.300E+1	1.500E+1	1.900E+1	1.500E+1	1.900E+1	1.800E+1	2.400E+1	2.500E+1	3.500E+1	3.300E+1	4.700E+1	5.000E+1	3.900E+1	3.400E+1	2.300E+1	3.100E+1	3.300E+1	2.600E+1	3.300E+1	3.800E+1	2.600E+1	3.800E+1	4.100E+1	5.400E+1	6.100E+1	1.800E+1	2.500E+1	1.000E+1	1.300E+1	1.500E+1	2.500E+1	1.600E+1	1.000E+0	0.000E+0	0.000E+0	0.000E+0	0.000E+0	0.000E+0	0.000E+0	0.000E+0	0.000E+0	0.000E+0	0.000E+0	0.000E+0	0.000E+0	2.000E+0	8.000E+0	3.700E+1	1.210E+2	6.410E+2	2.308E+3	7.312E+3	1.850E+4	3.347E+4	4.202E+4	4.126E+4	3.236E+4	1.958E+4	8.687E+3	3.068E+3	8.890E+2	2.260E+2	5.900E+1	1.100E+1	5.000E+0	2.000E+0	0.000E+0	0.000E+0	0.000E+0	0.000E+0	1.000E+0	0.000E+0	0.000E+0	0.000E+0	2.000E+0	0.000E+0	0.000E+0	0.000E+0	0.000E+0	0.000E+0	0.000E+0	0.000E+0	0.000E+0	0.000E+0	0.000E+0	1.000E+0	0.000E+0	0.000E+0	0.000E+0	1.000E+0	0.000E+0	0.000E+0	0.000E+0	0.000E+0	1.000E+0
0.000E+0	0.000E+0	1.000E+0	0.000E+0	0.000E+0	0.000E+0	0.000E+0	0.000E+0	0.000E+0	0.000E+0	1.000E+0	0.000E+0	0.000E+0	0.000E+0	0.000E+0	0.000E+0	0.000E+0	0.000E+0	0.000E+0	0.000E+0	0.000E+0	0.000E+0	0.000E+0	0.000E+0	4.000E+0	1.600E+1	2.300E+1	2.400E+1	2.200E+1	3.200E+1	2.500E+1	1.700E+1	1.800E+1	1.400E+1	2.200E+1	2.600E+1	1.500E+1	2.000E+1	2.000E+1	2.200E+1	3.200E+1	3.100E+1	3.000E+1	5.900E+1	4.700E+1	3.900E+1	3.400E+1	2.700E+1	2.500E+1	3.100E+1	1.800E+1	2.500E+1	2.500E+1	4.000E+1	3.400E+1	5.600E+1	5.000E+1	6.500E+1	1.500E+1	1.900E+1	2.000E+1	2.500E+1	2.100E+1	2.400E+1	2.300E+1	1.000E+0	0.000E+0	1.000E+0	0.000E+0	0.000E+0	0.000E+0	0.000E+0	0.000E+0	0.000E+0	0.000E+0	0.000E+0	0.000E+0	1.000E+0	1.000E+0	3.000E+0	1.700E+1	1.530E+2	7.360E+2	2.303E+3	7.492E+3	1.835E+4	3.267E+4	4.162E+4	4.065E+4	3.169E+4	1.933E+4	9.245E+3	3.331E+3	9.880E+2	2.550E+2	5.700E+1	1.000E+1	3.000E+0	0.000E+0	0.000E+0	0.000E+0	0.000E+0	1.000E+0	0.000E+0	1.000E+0	0.000E+0	0.000E+0	0.000E+0	0.000E+0	0.000E+0	0.000E+0	1.000E+0	1.000E+0	0.000E+0	0.000E+0	1.000E+0	0.000E+0	1.000E+0	0.000E+0	0.000E+0	1.000E+0	1.000E+0	0.000E+0	0.000E+0	0.000E+0	0.000E+0	0.000E+0	0.000E+0
0.000E+0	0.000E+0	0.000E+0	0.000E+0	0.000E+0	0.000E+0	0.000E+0	0.000E+0	0.000E+0	0.000E+0	0.000E+0	0.000E+0	0.000E+0	1.000E+0	0.000E+0	0.000E+0	1.000E+0	0.000E+0	1.000E+0	0.000E+0	1.000E+0	1.000E+0	0.000E+0	0.000E+0	6.000E+0	2.000E+1	1.900E+1	1.700E+1	1.900E+1	2.300E+1	3.200E+1	1.300E+1	3.100E+1	3.100E+1	2.300E+1	2.400E+1	2.400E+1	2.000E+1	3.300E+1	2.500E+1	2.100E+1	3.000E+1	3.800E+1	3.600E+1	3.700E+1	3.400E+1	3.000E+1	2.500E+1	2.300E+1	2.100E+1	3.300E+1	2.800E+1	3.300E+1	2.700E+1	4.300E+1	4.700E+1	5.100E+1	5.300E+1	1.600E+1	1.500E+1	1.700E+1	1.700E+1	1.800E+1	2.900E+1	2.300E+1	2.000E+0	1.000E+0	0.000E+0	2.000E+0	0.000E+0	1.000E+0	0.000E+0	0.000E+0	0.000E+0	0.000E+0	0.000E+0	0.000E+0	1.000E+0	1.000E+0	8.000E+0	2.500E+1	1.170E+2	5.130E+2	2.047E+3	7.149E+3	1.815E+4	3.204E+4	4.101E+4	4.022E+4	3.109E+4	1.877E+4	9.189E+3	3.365E+3	9.790E+2	2.630E+2	5.700E+1	1.900E+1	3.000E+0	0.000E+0	0.000E+0	0.000E+0	0.000E+0	0.000E+0	1.000E+0	0.000E+0	1.000E+0	0.000E+0	0.000E+0	1.000E+0	0.000E+0	0.000E+0	0.000E+0	0.000E+0	0.000E+0	1.000E+0	0.000E+0	0.000E+0	0.000E+0	0.000E+0	0.000E+0	0.000E+0	0.000E+0	0.000E+0	0.000E+0	0.000E+0	0.000E+0	1.000E+0	1.000E+0
0.000E+0	0.000E+0	0.000E+0	0.000E+0	0.000E+0	0.000E+0	0.000E+0	0.000E+0	0.000E+0	0.000E+0	1.000E+0	0.000E+0	0.000E+0	0.000E+0	0.000E+0	0.000E+0	0.000E+0	0.000E+0	1.000E+0	0.000E+0	0.000E+0	0.000E+0	0.000E+0	0.000E+0	8.000E+0	1.300E+1	1.400E+1	1.000E+1	1.700E+1	2.300E+1	2.300E+1	2.100E+1	2.700E+1	2.500E+1	2.200E+1	2.100E+1	1.800E+1	1.800E+1	2.200E+1	2.300E+1	1.900E+1	3.500E+1	4.700E+1	5.500E+1	4.800E+1	4.700E+1	2.800E+1	3.400E+1	3.200E+1	2.600E+1	2.800E+1	2.100E+1	3.600E+1	2.700E+1	3.400E+1	4.600E+1	6.500E+1	7.800E+1	1.800E+1	2.900E+1	1.800E+1	1.900E+1	2.600E+1	3.200E+1	2.800E+1	2.000E+0	0.000E+0	0.000E+0	0.000E+0	1.000E+0	1.000E+0	1.000E+0	0.000E+0	0.000E+0	0.000E+0	1.000E+0	0.000E+0	0.000E+0	3.000E+0	5.000E+0	2.300E+1	1.740E+2	5.890E+2	2.140E+3	7.153E+3	1.873E+4	3.316E+4	4.197E+4	4.097E+4	3.199E+4	1.953E+4	8.740E+3	3.034E+3	8.450E+2	2.490E+2	4.900E+1	1.100E+1	3.000E+0	1.000E+0	0.000E+0	0.000E+0	0.000E+0	0.000E+0	0.000E+0	1.000E+0	0.000E+0	0.000E+0	0.000E+0	0.000E+0	0.000E+0	0.000E+0	0.000E+0	0.000E+0	0.000E+0	0.000E+0	0.000E+0	0.000E+0	0.000E+0	0.000E+0	0.000E+0	0.000E+0	1.000E+0	0.000E+0	0.000E+0	0.000E+0	0.000E+0	0.000E+0	2.000E+0
0.000E+0	0.000E+0	0.000E+0	0.000E+0	0.000E+0	1.000E+0	1.000E+0	0.000E+0	0.000E+0	0.000E+0	0.000E+0	0.000E+0	0.000E+0	1.000E+0	0.000E+0	0.000E+0	0.000E+0	0.000E+0	1.000E+0	0.000E+0	0.000E+0	0.000E+0	0.000E+0	0.000E+0	1.000E+1	1.800E+1	2.000E+1	2.600E+1	2.400E+1	2.200E+1	2.200E+1	1.900E+1	1.800E+1	1.800E+1	2.500E+1	1.900E+1	2.500E+1	2.000E+1	1.900E+1	2.100E+1	2.400E+1	2.400E+1	3.500E+1	3.400E+1	3.600E+1	3.600E+1	3.100E+1	2.100E+1	1.900E+1	3.600E+1	2.500E+1	3.200E+1	2.400E+1	3.700E+1	4.000E+1	4.000E+1	4.700E+1	5.400E+1	1.500E+1	2.200E+1	2.100E+1	1.900E+1	1.800E+1	3.000E+1	2.800E+1	0.000E+0	0.000E+0	0.000E+0	0.000E+0	1.000E+0	1.000E+0	0.000E+0	0.000E+0	0.000E+0	0.000E+0	0.000E+0	0.000E+0	1.000E+0	3.000E+0	7.000E+0	3.100E+1	1.970E+2	7.870E+2	2.658E+3	7.857E+3	1.898E+4	3.197E+4	4.027E+4	3.987E+4	3.091E+4	1.895E+4	8.838E+3	3.320E+3	1.063E+3	2.640E+2	6.900E+1	1.400E+1	2.000E+0	2.000E+0	0.000E+0	0.000E+0	0.000E+0	0.000E+0	0.000E+0	1.000E+0	0.000E+0	0.000E+0	0.000E+0	0.000E+0	0.000E+0	0.000E+0	0.000E+0	0.000E+0	0.000E+0	0.000E+0	1.000E+0	0.000E+0	1.000E+0	1.000E+0	0.000E+0	0.000E+0	2.000E+0	0.000E+0	1.000E+0	0.000E+0	0.000E+0	0.000E+0	0.000E+0
0.000E+0	0.000E+0	1.000E+0	0.000E+0	0.000E+0	0.000E+0	0.000E+0	0.000E+0	0.000E+0	0.000E+0	0.000E+0	0.000E+0	0.000E+0	0.000E+0	1.000E+0	0.000E+0	0.000E+0	0.000E+0	0.000E+0	1.000E+0	0.000E+0	0.000E+0	0.000E+0	0.000E+0	6.000E+0	2.400E+1	1.300E+1	1.500E+1	1.500E+1	1.900E+1	2.800E+1	1.100E+1	2.400E+1	2.000E+1	1.000E+1	1.400E+1	9.000E+0	1.800E+1	2.200E+1	2.200E+1	2.300E+1	2.500E+1	2.900E+1	4.200E+1	4.300E+1	2.000E+1	3.600E+1	2.100E+1	2.400E+1	2.300E+1	2.000E+1	1.900E+1	3.800E+1	2.600E+1	3.900E+1	5.200E+1	4.200E+1	6.600E+1	2.000E+1	1.900E+1	3.000E+1	1.500E+1	2.600E+1	2.100E+1	2.700E+1	0.000E+0	1.000E+0	0.000E+0	1.000E+0	0.000E+0	0.000E+0	0.000E+0	0.000E+0	0.000E+0	1.000E+0	0.000E+0	0.000E+0	1.000E+0	0.000E+0	1.300E+1	6.200E+1	1.750E+2	7.470E+2	2.356E+3	7.583E+3	1.866E+4	3.108E+4	3.919E+4	3.923E+4	3.084E+4	1.868E+4	8.682E+3	3.502E+3	1.103E+3	2.450E+2	5.900E+1	7.000E+0	3.000E+0	2.000E+0	0.000E+0	0.000E+0	0.000E+0	0.000E+0	0.000E+0	0.000E+0	0.000E+0	0.000E+0	1.000E+0	0.000E+0	0.000E+0	0.000E+0	0.000E+0	0.000E+0	0.000E+0	0.000E+0	0.000E+0	1.000E+0	0.000E+0	0.000E+0	0.000E+0	0.000E+0	0.000E+0	0.000E+0	0.000E+0	0.000E+0	1.000E+0	0.000E+0	1.000E+0
0.000E+0	0.000E+0	1.000E+0	0.000E+0	1.000E+0	0.000E+0	0.000E+0	1.000E+0	0.000E+0	1.000E+0	0.000E+0	1.000E+0	0.000E+0	0.000E+0	0.000E+0	1.000E+0	0.000E+0	0.000E+0	0.000E+0	0.000E+0	1.000E+0	0.000E+0	0.000E+0	0.000E+0	9.000E+0	1.900E+1	1.400E+1	1.300E+1	1.400E+1	2.200E+1	2.400E+1	2.300E+1	1.600E+1	1.600E+1	2.500E+1	1.500E+1	2.500E+1	2.100E+1	2.500E+1	2.200E+1	1.900E+1	3.300E+1	2.300E+1	3.100E+1	2.800E+1	2.300E+1	3.000E+1	2.800E+1	2.700E+1	2.200E+1	1.800E+1	2.400E+1	3.300E+1	2.300E+1	2.300E+1	4.400E+1	6.600E+1	6.800E+1	3.000E+1	2.200E+1	1.700E+1	1.600E+1	1.900E+1	2.000E+1	3.500E+1	0.000E+0	0.000E+0	1.000E+0	0.000E+0	1.000E+0	0.000E+0	1.000E+0	0.000E+0	0.000E+0	1.000E+0	0.000E+0	1.000E+0	0.000E+0	2.000E+0	6.000E+0	2.500E+1	1.250E+2	5.180E+2	2.145E+3	7.107E+3	1.824E+4	3.120E+4	3.968E+4	3.919E+4	3.016E+4	1.841E+4	8.719E+3	3.296E+3	1.019E+3	2.220E+2	6.400E+1	9.000E+0	2.000E+0	0.000E+0	1.000E+0	0.000E+0	0.000E+0	0.000E+0	0.000E+0	0.000E+0	0.000E+0	0.000E+0	0.000E+0	0.000E+0	0.000E+0	0.000E+0	0.000E+0	0.000E+0	0.000E+0	0.000E+0	0.000E+0	0.000E+0	0.000E+0	0.000E+0	0.000E+0	1.000E+0	0.000E+0	0.000E+0	0.000E+0	0.000E+0	0.000E+0	0.000E+0	0.000E+0
0.000E+0	0.000E+0	0.000E+0	1.000E+0	0.000E+0	0.000E+0	0.000E+0	0.000E+0	0.000E+0	0.000E+0	0.000E+0	0.000E+0	0.000E+0	0.000E+0	1.000E+0	0.000E+0	0.000E+0	0.000E+0	0.000E+0	0.000E+0	0.000E+0	0.000E+0	0.000E+0	0.000E+0	9.000E+0	1.200E+1	1.200E+1	1.700E+1	1.800E+1	1.800E+1	2.000E+1	1.700E+1	1.900E+1	2.600E+1	2.000E+1	1.300E+1	1.500E+1	2.700E+1	1.600E+1	2.000E+1	2.000E+1	3.100E+1	3.100E+1	2.800E+1	3.600E+1	2.400E+1	2.300E+1	1.400E+1	2.000E+1	2.700E+1	9.000E+0	1.900E+1	2.100E+1	3.300E+1	3.100E+1	3.300E+1	5.200E+1	6.200E+1	1.100E+1	1.700E+1	1.300E+1	2.400E+1	2.600E+1	2.800E+1	4.000E+1	3.000E+0	1.000E+0	1.000E+0	0.000E+0	0.000E+0	0.000E+0	1.000E+0	0.000E+0	0.000E+0	0.000E+0	0.000E+0	1.000E+0	0.000E+0	1.000E+0	8.000E+0	2.500E+1	1.370E+2	5.960E+2	2.458E+3	7.773E+3	1.811E+4	3.126E+4	3.968E+4	3.927E+4	3.040E+4	1.861E+4	8.989E+3	3.443E+3	9.420E+2	2.290E+2	5.200E+1	1.400E+1	2.000E+0	1.000E+0	0.000E+0	0.000E+0	0.000E+0	0.000E+0	0.000E+0	0.000E+0	0.000E+0	0.000E+0	0.000E+0	0.000E+0	0.000E+0	0.000E+0	1.000E+0	0.000E+0	0.000E+0	0.000E+0	0.000E+0	0.000E+0	0.000E+0	1.000E+0	0.000E+0	0.000E+0	0.000E+0	1.000E+0	0.000E+0	0.000E+0	0.000E+0	0.000E+0	0.000E+0
0.000E+0	0.000E+0	1.000E+0	0.000E+0	0.000E+0	0.000E+0	0.000E+0	0.000E+0	1.000E+0	0.000E+0	0.000E+0	0.000E+0	0.000E+0	0.000E+0	0.000E+0	0.000E+0	1.000E+0	0.000E+0	0.000E+0	0.000E+0	0.000E+0	1.000E+0	0.000E+0	0.000E+0	8.000E+0	1.800E+1	2.000E+1	1.300E+1	2.600E+1	1.900E+1	2.200E+1	2.800E+1	2.300E+1	2.300E+1	1.900E+1	3.000E+1	2.300E+1	1.600E+1	2.000E+1	1.200E+1	2.400E+1	2.400E+1	2.400E+1	2.400E+1	4.300E+1	2.300E+1	1.900E+1	3.000E+1	1.900E+1	2.400E+1	3.100E+1	2.200E+1	1.800E+1	2.100E+1	2.800E+1	3.300E+1	5.600E+1	6.000E+1	1.200E+1	1.200E+1	1.600E+1	1.900E+1	1.800E+1	2.300E+1	2.700E+1	3.000E+0	0.000E+0	0.000E+0	1.000E+0	0.000E+0	1.000E+0	1.000E+0	0.000E+0	0.000E+0	0.000E+0	1.000E+0	0.000E+0	1.000E+0	1.000E+0	6.000E+0	1.300E+1	1.100E+2	7.020E+2	2.501E+3	7.355E+3	1.787E+4	3.211E+4	4.073E+4	3.952E+4	3.101E+4	1.906E+4	8.561E+3	3.002E+3	9.010E+2	2.310E+2	6.200E+1	1.200E+1	2.000E+0	1.000E+0	0.000E+0	1.000E+0	0.000E+0	0.000E+0	0.000E+0	0.000E+0	0.000E+0	0.000E+0	0.000E+0	0.000E+0	0.000E+0	1.000E+0	0.000E+0	0.000E+0	0.000E+0	0.000E+0	0.000E+0	0.000E+0	0.000E+0	1.000E+0	0.000E+0	0.000E+0	1.000E+0	0.000E+0	0.000E+0	0.000E+0	0.000E+0	0.000E+0	1.000E+0
0.000E+0	0.000E+0	0.000E+0	0.000E+0	0.000E+0	0.000E+0	0.000E+0	0.000E+0	0.000E+0	0.000E+0	1.000E+0	0.000E+0	0.000E+0	1.000E+0	0.000E+0	0.000E+0	0.000E+0	0.000E+0	0.000E+0	0.000E+0	0.000E+0	0.000E+0	0.000E+0	0.000E+0	6.000E+0	1.500E+1	1.600E+1	2.500E+1	2.200E+1	1.900E+1	2.800E+1	2.300E+1	1.200E+1	2.000E+1	2.000E+1	1.200E+1	1.500E+1	1.100E+1	2.300E+1	2.600E+1	1.600E+1	2.000E+1	2.900E+1	2.700E+1	3.000E+1	2.900E+1	2.500E+1	2.200E+1	1.400E+1	1.800E+1	2.100E+1	1.400E+1	2.400E+1	3.000E+1	2.500E+1	4.000E+1	5.400E+1	5.200E+1	1.900E+1	1.400E+1	9.000E+0	2.300E+1	2.100E+1	2.500E+1	2.000E+1	6.000E+0	0.000E+0	0.000E+0	0.000E+0	0.000E+0	1.000E+0	0.000E+0	0.000E+0	1.000E+0	0.000E+0	0.000E+0	0.000E+0	2.000E+0	1.000E+0	5.000E+0	2.300E+1	1.170E+2	5.550E+2	2.161E+3	6.936E+3	1.774E+4	3.114E+4	3.948E+4	3.836E+4	3.031E+4	1.866E+4	8.873E+3	3.138E+3	9.000E+2	2.400E+2	7.500E+1	1.600E+1	2.000E+0	2.000E+0	0.000E+0	1.000E+0	0.000E+0	0.000E+0	0.000E+0	0.000E+0	0.000E+0	0.000E+0	0.000E+0	0.000E+0	0.000E+0	0.000E+0	0.000E+0	1.000E+0	0.000E+0	0.000E+0	1.000E+0	0.000E+0	0.000E+0	0.000E+0	0.000E+0	1.000E+0	0.000E+0	0.000E+0	0.000E+0	1.000E+0	0.000E+0	0.000E+0	0.000E+0
1.000E+0	0.000E+0	0.000E+0	0.000E+0	0.000E+0	0.000E+0	0.000E+0	0.000E+0	0.000E+0	0.000E+0	0.000E+0	0.000E+0	0.000E+0	0.000E+0	1.000E+0	1.000E+0	1.000E+0	1.000E+0	0.000E+0	0.000E+0	0.000E+0	0.000E+0	0.000E+0	0.000E+0	7.000E+0	1.700E+1	2.000E+1	2.300E+1	1.600E+1	2.300E+1	2.300E+1	1.600E+1	3.000E+1	2.400E+1	1.800E+1	1.700E+1	1.400E+1	2.000E+1	2.800E+1	2.200E+1	2.900E+1	2.600E+1	1.800E+1	2.500E+1	2.500E+1	2.800E+1	2.300E+1	2.200E+1	2.100E+1	2.500E+1	1.900E+1	2.200E+1	2.100E+1	2.400E+1	2.900E+1	4.200E+1	4.600E+1	7.300E+1	1.700E+1	1.700E+1	2.000E+1	1.300E+1	1.800E+1	2.100E+1	2.200E+1	1.000E+0	0.000E+0	0.000E+0	0.000E+0	1.000E+0	0.000E+0	0.000E+0	0.000E+0	0.000E+0	0.000E+0	1.000E+0	0.000E+0	2.000E+0	3.000E+0	5.000E+0	1.700E+1	1.390E+2	5.940E+2	2.184E+3	6.890E+3	1.751E+4	3.135E+4	4.024E+4	3.942E+4	3.047E+4	1.890E+4	8.976E+3	3.383E+3	9.960E+2	2.790E+2	6.700E+1	9.000E+0	4.000E+0	1.000E+0	1.000E+0	0.000E+0	2.000E+0	0.000E+0	0.000E+0	0.000E+0	0.000E+0	0.000E+0	0.000E+0	0.000E+0	1.000E+0	0.000E+0	0.000E+0	0.000E+0	0.000E+0	0.000E+0	0.000E+0	0.000E+0	0.000E+0	0.000E+0	0.000E+0	0.000E+0	0.000E+0	0.000E+0	0.000E+0	1.000E+0	0.000E+0	0.000E+0	0.000E+0
0.000E+0	0.000E+0	0.000E+0	0.000E+0	0.000E+0	0.000E+0	0.000E+0	0.000E+0	1.000E+0	0.000E+0	0.000E+0	0.000E+0	0.000E+0	0.000E+0	0.000E+0	1.000E+0	0.000E+0	0.000E+0	0.000E+0	0.000E+0	0.000E+0	0.000E+0	0.000E+0	0.000E+0	3.000E+0	2.100E+1	1.700E+1	1.300E+1	1.400E+1	1.600E+1	2.000E+1	2.000E+1	2.300E+1	3.000E+1	1.200E+1	2.300E+1	1.500E+1	1.600E+1	1.500E+1	1.400E+1	1.400E+1	2.400E+1	1.900E+1	2.100E+1	3.700E+1	2.200E+1	2.400E+1	2.100E+1	2.300E+1	2.400E+1	1.200E+1	1.800E+1	2.000E+1	2.200E+1	3.300E+1	4.000E+1	4.900E+1	5.400E+1	1.700E+1	1.900E+1	1.500E+1	2.400E+1	2.100E+1	1.800E+1	2.300E+1	2.000E+0	0.000E+0	0.000E+0	0.000E+0	0.000E+0	0.000E+0	1.000E+0	0.000E+0	0.000E+0	1.000E+0	1.000E+0	2.000E+0	0.000E+0	0.000E+0	8.000E+0	2.700E+1	1.460E+2	6.190E+2	2.371E+3	7.406E+3	1.783E+4	3.063E+4	3.936E+4	3.907E+4	2.987E+4	1.766E+4	8.325E+3	3.056E+3	8.960E+2	2.080E+2	5.000E+1	1.800E+1	4.000E+0	0.000E+0	1.000E+0	0.000E+0	0.000E+0	0.000E+0	0.000E+0	0.000E+0	0.000E+0	0.000E+0	0.000E+0	0.000E+0	1.000E+0	0.000E+0	0.000E+0	0.000E+0	1.000E+0	0.000E+0	0.000E+0	0.000E+0	0.000E+0	0.000E+0	0.000E+0	0.000E+0	0.000E+0	0.000E+0	0.000E+0	0.000E+0	0.000E+0	0.000E+0	0.000E+0
0.000E+0	0.000E+0	0.000E+0	0.000E+0	0.000E+0	0.000E+0	0.000E+0	0.000E+0	0.000E+0	0.000E+0	0.000E+0	0.000E+0	0.000E+0	0.000E+0	0.000E+0	0.000E+0	1.000E+0	0.000E+0	0.000E+0	2.000E+0	1.000E+0	0.000E+0	1.000E+0	1.000E+0	6.000E+0	2.400E+1	1.500E+1	1.600E+1	1.500E+1	2.600E+1	1.200E+1	2.500E+1	1.800E+1	1.300E+1	2.300E+1	1.700E+1	1.700E+1	1.600E+1	1.700E+1	2.200E+1	1.900E+1	2.500E+1	1.900E+1	2.900E+1	2.900E+1	2.100E+1	1.500E+1	2.500E+1	1.800E+1	1.600E+1	2.200E+1	2.300E+1	1.800E+1	2.200E+1	2.800E+1	3.600E+1	5.300E+1	5.200E+1	1.400E+1	1.600E+1	1.400E+1	1.600E+1	1.300E+1	1.800E+1	2.100E+1	2.000E+0	0.000E+0	0.000E+0	0.000E+0	1.000E+0	1.000E+0	0.000E+0	0.000E+0	0.000E+0	0.000E+0	0.000E+0	0.000E+0	0.000E+0	4.000E+0	1.000E+1	2.400E+1	1.350E+2	5.440E+2	1.940E+3	6.857E+3	1.725E+4	3.049E+4	3.929E+4	3.874E+4	3.010E+4	1.821E+4	8.601E+3	3.213E+3	9.570E+2	2.160E+2	5.300E+1	6.000E+0	4.000E+0	0.000E+0	1.000E+0	0.000E+0	0.000E+0	0.000E+0	0.000E+0	0.000E+0	1.000E+0	0.000E+0	1.000E+0	0.000E+0	0.000E+0	0.000E+0	0.000E+0	0.000E+0	0.000E+0	0.000E+0	1.000E+0	0.000E+0	0.000E+0	0.000E+0	0.000E+0	1.000E+0	0.000E+0	0.000E+0	0.000E+0	0.000E+0	0.000E+0	0.000E+0	0.000E+0
0.000E+0	0.000E+0	0.000E+0	0.000E+0	0.000E+0	0.000E+0	1.000E+0	0.000E+0	0.000E+0	0.000E+0	0.000E+0	1.000E+0	0.000E+0	1.000E+0	0.000E+0	0.000E+0	1.000E+0	0.000E+0	0.000E+0	0.000E+0	0.000E+0	0.000E+0	0.000E+0	0.000E+0	7.000E+0	2.200E+1	1.600E+1	1.900E+1	1.900E+1	2.000E+1	2.900E+1	2.500E+1	9.000E+0	2.400E+1	2.400E+1	2.200E+1	2.400E+1	2.100E+1	1.800E+1	1.900E+1	2.600E+1	2.400E+1	2.000E+1	3.000E+1	2.500E+1	2.200E+1	2.600E+1	1.900E+1	2.600E+1	2.800E+1	2.100E+1	2.500E+1	1.900E+1	2.800E+1	2.300E+1	2.900E+1	5.800E+1	4.200E+1	2.400E+1	1.700E+1	1.500E+1	1.800E+1	1.600E+1	2.700E+1	2.400E+1	0.000E+0	0.000E+0	0.000E+0	0.000E+0	0.000E+0	0.000E+0	0.000E+0	0.000E+0	0.000E+0	1.000E+0	0.000E+0	0.000E+0	1.000E+0	2.000E+0	9.000E+0	3.000E+1	1.650E+2	6.650E+2	2.474E+3	8.115E+3	1.888E+4	3.132E+4	3.929E+4	3.927E+4	3.040E+4	1.855E+4	9.201E+3	3.448E+3	9.100E+2	2.390E+2	5.900E+1	7.000E+0	4.000E+0	0.000E+0	2.000E+0	0.000E+0	0.000E+0	0.000E+0	0.000E+0	0.000E+0	0.000E+0	0.000E+0	0.000E+0	0.000E+0	0.000E+0	1.000E+0	0.000E+0	0.000E+0	1.000E+0	0.000E+0	0.000E+0	0.000E+0	1.000E+0	0.000E+0	0.000E+0	0.000E+0	0.000E+0	0.000E+0	0.000E+0	1.000E+0	0.000E+0	0.000E+0	0.000E+0
0.000E+0	0.000E+0	0.000E+0	0.000E+0	1.000E+0	1.000E+0	0.000E+0	0.000E+0	0.000E+0	0.000E+0	0.000E+0	1.000E+0	1.000E+0	0.000E+0	1.000E+0	0.000E+0	0.000E+0	0.000E+0	0.000E+0	0.000E+0	0.000E+0	0.000E+0	0.000E+0	2.000E+0	5.000E+0	1.100E+1	2.500E+1	1.500E+1	2.000E+1	1.500E+1	2.300E+1	2.600E+1	1.500E+1	1.700E+1	2.100E+1	1.800E+1	1.500E+1	1.900E+1	2.000E+1	1.600E+1	2.600E+1	1.700E+1	1.400E+1	3.100E+1	2.500E+1	2.100E+1	1.900E+1	1.600E+1	2.800E+1	1.300E+1	2.700E+1	2.100E+1	2.500E+1	2.300E+1	2.700E+1	3.900E+1	4.300E+1	4.800E+1	1.900E+1	8.000E+0	1.300E+1	2.400E+1	1.500E+1	3.300E+1	2.600E+1	3.000E+0	1.000E+0	0.000E+0	0.000E+0	0.000E+0	0.000E+0	1.000E+0	0.000E+0	0.000E+0	0.000E+0	0.000E+0	1.000E+0	0.000E+0	1.000E+0	4.000E+0	2.700E+1	1.130E+2	4.870E+2	2.128E+3	7.471E+3	1.830E+4	3.158E+4	4.006E+4	4.012E+4	3.085E+4	1.807E+4	8.605E+3	3.478E+3	9.810E+2	2.510E+2	5.600E+1	1.600E+1	1.000E+0	1.000E+0	0.000E+0	0.000E+0	1.000E+0	0.000E+0	0.000E+0	0.000E+0	0.000E+0	1.000E+0	0.000E+0	0.000E+0	0.000E+0	0.000E+0	0.000E+0	0.000E+0	0.000E+0	0.000E+0	0.000E+0	1.000E+0	0.000E+0	0.000E+0	0.000E+0	0.000E+0	0.000E+0	0.000E+0	0.000E+0	0.000E+0	1.000E+0	2.000E+0	0.000E+0
0.000E+0	1.000E+0	0.000E+0	0.000E+0	0.000E+0	1.000E+0	0.000E+0	1.000E+0	2.000E+0	1.000E+0	0.000E+0	0.000E+0	0.000E+0	0.000E+0	0.000E+0	0.000E+0	0.000E+0	1.000E+0	1.000E+0	0.000E+0	0.000E+0	1.000E+0	2.000E+0	1.000E+0	7.000E+0	1.700E+1	1.400E+1	2.300E+1	2.100E+1	1.700E+1	2.400E+1	1.400E+1	3.100E+1	1.200E+1	1.800E+1	1.900E+1	1.600E+1	1.800E+1	1.700E+1	1.800E+1	2.100E+1	2.300E+1	2.900E+1	2.600E+1	2.200E+1	2.300E+1	3.100E+1	2.200E+1	1.900E+1	2.000E+1	2.500E+1	2.300E+1	1.800E+1	2.200E+1	2.300E+1	2.700E+1	2.300E+1	5.600E+1	1.900E+1	1.300E+1	1.600E+1	1.800E+1	2.200E+1	2.200E+1	2.000E+1	0.000E+0	1.000E+0	0.000E+0	0.000E+0	0.000E+0	0.000E+0	1.000E+0	1.000E+0	0.000E+0	0.000E+0	0.000E+0	0.000E+0	0.000E+0	2.000E+0	1.100E+1	3.000E+1	1.440E+2	5.710E+2	2.076E+3	7.329E+3	1.802E+4	3.112E+4	3.935E+4	3.922E+4	3.060E+4	1.849E+4	8.753E+3	3.330E+3	9.850E+2	2.280E+2	5.800E+1	5.000E+0	3.000E+0	0.000E+0	0.000E+0	0.000E+0	0.000E+0	2.000E+0	1.000E+0	1.000E+0	0.000E+0	0.000E+0	0.000E+0	0.000E+0	0.000E+0	0.000E+0	0.000E+0	1.000E+0	0.000E+0	0.000E+0	0.000E+0	0.000E+0	1.000E+0	0.000E+0	0.000E+0	1.000E+0	1.000E+0	0.000E+0	0.000E+0	0.000E+0	1.000E+0	0.000E+0	0.000E+0
0.000E+0	0.000E+0	0.000E+0	0.000E+0	0.000E+0	0.000E+0	0.000E+0	1.000E+0	0.000E+0	0.000E+0	0.000E+0	0.000E+0	0.000E+0	0.000E+0	0.000E+0	0.000E+0	0.000E+0	1.000E+0	0.000E+0	0.000E+0	0.000E+0	0.000E+0	0.000E+0	2.000E+0	6.000E+0	1.400E+1	1.200E+1	2.300E+1	1.700E+1	3.300E+1	2.800E+1	1.600E+1	2.400E+1	1.400E+1	1.300E+1	1.700E+1	2.300E+1	1.600E+1	2.400E+1	1.900E+1	1.800E+1	2.300E+1	2.300E+1	3.000E+1	1.900E+1	1.900E+1	2.000E+1	2.500E+1	1.900E+1	1.900E+1	1.800E+1	2.300E+1	2.300E+1	2.900E+1	3.600E+1	3.600E+1	5.100E+1	4.900E+1	1.200E+1	1.600E+1	1.500E+1	1.800E+1	1.800E+1	1.900E+1	2.800E+1	4.000E+0	0.000E+0	0.000E+0	0.000E+0	0.000E+0	0.000E+0	0.000E+0	1.000E+0	0.000E+0	0.000E+0	0.000E+0	1.000E+0	0.000E+0	2.000E+0	9.000E+0	4.000E+1	1.360E+2	5.950E+2	2.231E+3	7.409E+3	1.797E+4	3.021E+4	3.873E+4	3.866E+4	2.990E+4	1.785E+4	8.264E+3	3.102E+3	8.520E+2	2.560E+2	4.300E+1	6.000E+0	2.000E+0	0.000E+0	0.000E+0	3.000E+0	0.000E+0	1.000E+0	0.000E+0	0.000E+0	0.000E+0	0.000E+0	0.000E+0	0.000E+0	0.000E+0	0.000E+0	1.000E+0	0.000E+0	0.000E+0	0.000E+0	0.000E+0	0.000E+0	0.000E+0	0.000E+0	0.000E+0	0.000E+0	0.000E+0	1.000E+0	0.000E+0	1.000E+0	0.000E+0	0.000E+0	0.000E+0
1.000E+0	0.000E+0	0.000E+0	0.000E+0	0.000E+0	1.000E+0	1.000E+0	0.000E+0	0.000E+0	0.000E+0	0.000E+0	0.000E+0	0.000E+0	1.000E+0	0.000E+0	0.000E+0	0.000E+0	0.000E+0	0.000E+0	0.000E+0	1.000E+0	0.000E+0	0.000E+0	0.000E+0	8.000E+0	1.700E+1	1.800E+1	1.900E+1	9.000E+0	1.800E+1	3.100E+1	2.400E+1	1.300E+1	1.700E+1	2.500E+1	1.700E+1	2.300E+1	1.300E+1	1.800E+1	1.900E+1	2.000E+1	2.700E+1	2.600E+1	3.300E+1	1.800E+1	2.400E+1	2.100E+1	1.900E+1	2.800E+1	2.500E+1	1.700E+1	2.500E+1	1.700E+1	3.200E+1	3.200E+1	5.000E+1	4.500E+1	5.600E+1	2.200E+1	2.400E+1	1.400E+1	9.000E+0	1.900E+1	2.500E+1	2.800E+1	1.000E+0	0.000E+0	0.000E+0	0.000E+0	0.000E+0	0.000E+0	0.000E+0	0.000E+0	0.000E+0	0.000E+0	1.000E+0	1.000E+0	1.000E+0	2.000E+0	4.000E+0	3.800E+1	1.070E+2	5.480E+2	2.311E+3	7.414E+3	1.822E+4	3.157E+4	4.035E+4	3.977E+4	3.094E+4	1.913E+4	8.939E+3	3.331E+3	8.960E+2	2.260E+2	4.300E+1	1.500E+1	1.000E+0	0.000E+0	2.000E+0	0.000E+0	0.000E+0	1.000E+0	0.000E+0	0.000E+0	0.000E+0	0.000E+0	0.000E+0	0.000E+0	0.000E+0	0.000E+0	1.000E+0	2.000E+0	1.000E+0	0.000E+0	0.000E+0	0.000E+0	0.000E+0	0.000E+0	0.000E+0	0.000E+0	0.000E+0	0.000E+0	0.000E+0	0.000E+0	1.000E+0	0.000E+0	0.000E+0
0.000E+0	0.000E+0	0.000E+0	0.000E+0	0.000E+0	0.000E+0	0.000E+0	0.000E+0	1.000E+0	0.000E+0	0.000E+0	0.000E+0	0.000E+0	1.000E+0	0.000E+0	0.000E+0	0.000E+0	0.000E+0	1.000E+0	1.000E+0	1.000E+0	0.000E+0	0.000E+0	1.000E+0	2.000E+0	1.900E+1	1.500E+1	1.300E+1	1.800E+1	2.400E+1	2.300E+1	2.400E+1	2.000E+1	2.100E+1	2.000E+1	2.800E+1	1.400E+1	2.300E+1	1.700E+1	1.000E+1	2.500E+1	2.000E+1	2.600E+1	2.500E+1	2.300E+1	2.800E+1	1.800E+1	2.100E+1	1.600E+1	3.200E+1	1.600E+1	1.400E+1	2.200E+1	2.100E+1	3.000E+1	4.700E+1	5.300E+1	5.000E+1	2.100E+1	1.600E+1	2.500E+1	2.100E+1	2.500E+1	2.700E+1	4.000E+1	2.000E+0	0.000E+0	0.000E+0	0.000E+0	0.000E+0	0.000E+0	0.000E+0	1.000E+0	0.000E+0	0.000E+0	0.000E+0	2.000E+0	1.000E+0	3.000E+0	1.800E+1	5.100E+1	2.060E+2	8.590E+2	3.119E+3	8.599E+3	1.863E+4	3.014E+4	3.766E+4	3.759E+4	3.005E+4	1.910E+4	9.972E+3	4.400E+3	1.358E+3	3.940E+2	9.100E+1	1.700E+1	3.000E+0	0.000E+0	0.000E+0	0.000E+0	0.000E+0	0.000E+0	0.000E+0	1.000E+0	0.000E+0	0.000E+0	0.000E+0	0.000E+0	0.000E+0	0.000E+0	1.000E+0	0.000E+0	0.000E+0	0.000E+0	0.000E+0	0.000E+0	0.000E+0	0.000E+0	1.000E+0	0.000E+0	0.000E+0	0.000E+0	1.000E+0	0.000E+0	1.000E+0	0.000E+0	0.000E+0
1.000E+0	0.000E+0	0.000E+0	1.000E+0	0.000E+0	1.000E+0	0.000E+0	0.000E+0	0.000E+0	0.000E+0	1.000E+0	0.000E+0	0.000E+0	0.000E+0	0.000E+0	0.000E+0	0.000E+0	0.000E+0	0.000E+0	0.000E+0	1.000E+0	0.000E+0	0.000E+0	1.000E+0	8.000E+0	1.100E+1	1.600E+1	2.200E+1	1.300E+1	2.300E+1	1.900E+1	2.200E+1	2.200E+1	2.300E+1	2.300E+1	1.800E+1	2.200E+1	2.200E+1	1.900E+1	1.900E+1	1.800E+1	1.500E+1	1.700E+1	1.600E+1	1.800E+1	2.000E+1	2.800E+1	1.800E+1	2.600E+1	1.900E+1	2.900E+1	3.200E+1	3.700E+1	3.100E+1	4.200E+1	4.500E+1	3.600E+1	4.500E+1	1.300E+1	1.000E+1	2.900E+1	1.300E+1	2.100E+1	1.700E+1	4.000E+1	2.000E+0	0.000E+0	0.000E+0	1.000E+0	0.000E+0	1.000E+0	0.000E+0	0.000E+0	0.000E+0	0.000E+0	0.000E+0	0.000E+0	0.000E+0	3.000E+0	7.000E+0	3.000E+1	1.490E+2	7.040E+2	2.593E+3	8.219E+3	1.953E+4	3.232E+4	4.042E+4	4.022E+4	3.167E+4	1.925E+4	9.141E+3	3.589E+3	1.159E+3	2.680E+2	5.600E+1	1.700E+1	4.000E+0	1.000E+0	0.000E+0	0.000E+0	0.000E+0	0.000E+0	0.000E+0	0.000E+0	0.000E+0	0.000E+0	1.000E+0	0.000E+0	0.000E+0	0.000E+0	1.000E+0	0.000E+0	0.000E+0	0.000E+0	0.000E+0	0.000E+0	0.000E+0	0.000E+0	0.000E+0	0.000E+0	0.000E+0	0.000E+0	0.000E+0	0.000E+0	0.000E+0	0.000E+0	1.000E+0
0.000E+0	0.000E+0	1.000E+0	0.000E+0	1.000E+0	1.000E+0	0.000E+0	0.000E+0	0.000E+0	0.000E+0	0.000E+0	0.000E+0	0.000E+0	0.000E+0	0.000E+0	0.000E+0	0.000E+0	0.000E+0	1.000E+0	0.000E+0	0.000E+0	2.000E+0	0.000E+0	2.000E+0	8.000E+0	2.100E+1	1.400E+1	1.600E+1	2.100E+1	1.500E+1	3.000E+1	1.900E+1	2.800E+1	1.400E+1	1.100E+1	1.300E+1	2.700E+1	1.300E+1	2.300E+1	1.400E+1	1.500E+1	2.100E+1	2.500E+1	3.100E+1	2.400E+1	1.700E+1	2.400E+1	2.700E+1	2.800E+1	2.500E+1	2.500E+1	2.100E+1	2.500E+1	1.600E+1	2.900E+1	3.600E+1	4.500E+1	5.600E+1	1.300E+1	2.000E+1	1.700E+1	2.200E+1	2.400E+1	1.800E+1	2.000E+1	1.000E+0	0.000E+0	1.000E+0	0.000E+0	0.000E+0	0.000E+0	1.000E+0	1.000E+0	0.000E+0	0.000E+0	0.000E+0	1.000E+0	1.000E+0	1.000E+0	9.000E+0	1.600E+1	9.900E+1	4.890E+2	1.929E+3	6.787E+3	1.899E+4	3.285E+4	4.096E+4	4.053E+4	3.145E+4	1.862E+4	9.003E+3	3.505E+3	1.043E+3	2.600E+2	4.700E+1	9.000E+0	6.000E+0	1.000E+0	1.000E+0	1.000E+0	0.000E+0	0.000E+0	1.000E+0	0.000E+0	1.000E+0	0.000E+0	0.000E+0	0.000E+0	0.000E+0	1.000E+0	0.000E+0	0.000E+0	0.000E+0	0.000E+0	0.000E+0	0.000E+0	1.000E+0	0.000E+0	0.000E+0	0.000E+0	0.000E+0	0.000E+0	0.000E+0	0.000E+0	0.000E+0	1.000E+0	0.000E+0
1.000E+0	0.000E+0	0.000E+0	0.000E+0	0.000E+0	0.000E+0	0.000E+0	0.000E+0	0.000E+0	0.000E+0	0.000E+0	0.000E+0	0.000E+0	0.000E+0	0.000E+0	0.000E+0	0.000E+0	0.000E+0	0.000E+0	0.000E+0	0.000E+0	0.000E+0	0.000E+0	0.000E+0	7.000E+0	1.700E+1	2.200E+1	2.200E+1	1.500E+1	2.600E+1	1.700E+1	2.500E+1	2.200E+1	1.800E+1	2.400E+1	2.200E+1	2.400E+1	1.300E+1	1.600E+1	2.200E+1	1.900E+1	2.600E+1	2.900E+1	3.000E+1	3.100E+1	3.100E+1	2.500E+1	1.500E+1	2.000E+1	2.400E+1	2.200E+1	1.300E+1	2.300E+1	2.500E+1	3.100E+1	4.100E+1	4.600E+1	4.200E+1	1.000E+1	1.600E+1	1.500E+1	2.200E+1	1.600E+1	2.200E+1	2.300E+1	2.000E+0	1.000E+0	0.000E+0	1.000E+0	0.000E+0	0.000E+0	0.000E+0	0.000E+0	0.000E+0	1.000E+0	1.000E+0	1.000E+0	1.000E+0	0.000E+0	4.000E+0	2.600E+1	1.290E+2	6.010E+2	2.289E+3	7.599E+3	1.862E+4	3.243E+4	4.142E+4	4.079E+4	3.207E+4	1.960E+4	9.250E+3	3.315E+3	9.750E+2	2.430E+2	6.200E+1	1.500E+1	5.000E+0	0.000E+0	1.000E+0	0.000E+0	0.000E+0	0.000E+0	0.000E+0	0.000E+0	0.000E+0	0.000E+0	0.000E+0	0.000E+0	0.000E+0	0.000E+0	0.000E+0	0.000E+0	0.000E+0	0.000E+0	0.000E+0	0.000E+0	2.000E+0	0.000E+0	0.000E+0	1.000E+0	0.000E+0	0.000E+0	0.000E+0	0.000E+0	0.000E+0	0.000E+0	0.000E+0
1.000E+0	1.000E+0	0.000E+0	0.000E+0	0.000E+0	0.000E+0	0.000E+0	0.000E+0	0.000E+0	0.000E+0	0.000E+0	0.000E+0	0.000E+0	0.000E+0	0.000E+0	0.000E+0	0.000E+0	0.000E+0	0.000E+0	0.000E+0	0.000E+0	1.000E+0	1.000E+0	0.000E+0	9.000E+0	1.600E+1	1.200E+1	1.900E+1	1.400E+1	2.000E+1	2.000E+1	2.000E+1	2.300E+1	1.800E+1	1.800E+1	1.400E+1	1.300E+1	2.700E+1	1.600E+1	2.400E+1	1.200E+1	1.800E+1	2.900E+1	2.300E+1	3.000E+1	2.400E+1	1.800E+1	2.200E+1	1.500E+1	2.200E+1	1.900E+1	1.700E+1	1.100E+1	2.800E+1	2.200E+1	3.700E+1	4.500E+1	5.600E+1	8.000E+0	1.300E+1	1.300E+1	1.700E+1	9.000E+0	2.400E+1	2.000E+1	0.000E+0	0.000E+0	1.000E+0	0.000E+0	0.000E+0	0.000E+0	0.000E+0	0.000E+0	0.000E+0	0.000E+0	0.000E+0	0.000E+0	1.000E+0	1.000E+0	6.000E+0	1.700E+1	1.190E+2	5.890E+2	2.261E+3	7.690E+3	1.892E+4	3.274E+4	4.208E+4	4.141E+4	3.228E+4	1.942E+4	8.936E+3	3.118E+3	9.120E+2	2.100E+2	4.800E+1	9.000E+0	2.000E+0	0.000E+0	0.000E+0	0.000E+0	0.000E+0	1.000E+0	0.000E+0	1.000E+0	0.000E+0	0.000E+0	0.000E+0	0.000E+0	0.000E+0	0.000E+0	0.000E+0	0.000E+0	0.000E+0	0.000E+0	0.000E+0	0.000E+0	0.000E+0	0.000E+0	0.000E+0	0.000E+0	0.000E+0	1.000E+0	0.000E+0	0.000E+0	0.000E+0	0.000E+0	0.000E+0
0.000E+0	0.000E+0	0.000E+0	0.000E+0	0.000E+0	1.000E+0	0.000E+0	0.000E+0	0.000E+0	0.000E+0	0.000E+0	0.000E+0	0.000E+0	0.000E+0	0.000E+0	0.000E+0	0.000E+0	0.000E+0	0.000E+0	0.000E+0	0.000E+0	0.000E+0	2.000E+0	2.000E+0	5.000E+0	2.600E+1	8.000E+0	1.800E+1	2.000E+1	1.000E+1	1.600E+1	1.400E+1	2.500E+1	1.700E+1	1.600E+1	7.000E+0	1.300E+1	2.500E+1	9.000E+0	1.800E+1	2.300E+1	2.100E+1	1.800E+1	3.200E+1	2.000E+1	1.900E+1	1.600E+1	1.400E+1	1.500E+1	2.500E+1	1.300E+1	2.500E+1	2.600E+1	1.300E+1	3.800E+1	3.600E+1	3.700E+1	5.500E+1	2.000E+1	1.400E+1	1.600E+1	1.800E+1	2.100E+1	1.600E+1	2.300E+1	1.000E+0	1.000E+0	0.000E+0	0.000E+0	0.000E+0	0.000E+0	0.000E+0	1.000E+0	0.000E+0	0.000E+0	0.000E+0	0.000E+0	1.000E+0	6.000E+0	7.000E+0	1.700E+1	1.130E+2	4.980E+2	2.291E+3	7.639E+3	1.878E+4	3.190E+4	4.133E+4	4.063E+4	3.083E+4	1.836E+4	8.989E+3	3.251E+3	8.710E+2	1.830E+2	4.400E+1	9.000E+0	4.000E+0	1.000E+0	0.000E+0	0.000E+0	0.000E+0	0.000E+0	0.000E+0	1.000E+0	0.000E+0	0.000E+0	0.000E+0	0.000E+0	0.000E+0	0.000E+0	1.000E+0	0.000E+0	1.000E+0	0.000E+0	0.000E+0	0.000E+0	0.000E+0	0.000E+0	0.000E+0	0.000E+0	0.000E+0	1.000E+0	0.000E+0	0.000E+0	1.000E+0	0.000E+0	0.000E+0
0.000E+0	0.000E+0	1.000E+0	0.000E+0	2.000E+0	0.000E+0	0.000E+0	0.000E+0	0.000E+0	0.000E+0	0.000E+0	0.000E+0	0.000E+0	0.000E+0	0.000E+0	0.000E+0	0.000E+0	0.000E+0	0.000E+0	0.000E+0	0.000E+0	1.000E+0	0.000E+0	3.000E+0	2.000E+0	8.000E+0	2.000E+1	1.800E+1	1.600E+1	1.800E+1	1.800E+1	2.300E+1	1.900E+1	1.800E+1	1.200E+1	1.600E+1	1.800E+1	2.000E+1	1.200E+1	1.600E+1	1.500E+1	1.800E+1	1.800E+1	2.500E+1	2.100E+1	2.100E+1	2.800E+1	1.500E+1	1.900E+1	1.300E+1	2.400E+1	2.500E+1	1.700E+1	2.000E+1	1.700E+1	3.500E+1	4.300E+1	5.000E+1	1.400E+1	1.400E+1	2.100E+1	1.800E+1	1.800E+1	2.400E+1	1.700E+1	2.000E+0	1.000E+0	0.000E+0	0.000E+0	0.000E+0	0.000E+0	0.000E+0	0.000E+0	0.000E+0	1.000E+0	0.000E+0	2.000E+0	1.000E+0	3.000E+0	5.000E+0	2.900E+1	1.590E+2	6.880E+2	2.577E+3	7.740E+3	1.838E+4	3.160E+4	4.018E+4	3.873E+4	3.010E+4	1.846E+4	8.905E+3	3.306E+3	1.108E+3	2.810E+2	8.200E+1	1.300E+1	2.000E+0	0.000E+0	0.000E+0	0.000E+0	0.000E+0	0.000E+0	0.000E+0	0.000E+0	1.000E+0	0.000E+0	0.000E+0	0.000E+0	0.000E+0	0.000E+0	0.000E+0	0.000E+0	0.000E+0	0.000E+0	0.000E+0	0.000E+0	0.000E+0	0.000E+0	0.000E+0	1.000E+0	0.000E+0	0.000E+0	1.000E+0	0.000E+0	0.000E+0	0.000E+0	0.000E+0
0.000E+0	0.000E+0	0.000E+0	2.000E+0	0.000E+0	0.000E+0	0.000E+0	0.000E+0	0.000E+0	0.000E+0	0.000E+0	0.000E+0	1.000E+0	0.000E+0	0.000E+0	0.000E+0	0.000E+0	0.000E+0	0.000E+0	0.000E+0	0.000E+0	0.000E+0	0.000E+0	2.000E+0	7.000E+0	1.800E+1	1.500E+1	1.200E+1	2.000E+1	2.000E+1	1.700E+1	1.800E+1	1.700E+1	1.000E+1	2.400E+1	2.000E+1	1.500E+1	2.100E+1	1.600E+1	2.100E+1	2.600E+1	2.600E+1	2.400E+1	2.200E+1	2.600E+1	2.300E+1	2.100E+1	1.800E+1	1.700E+1	1.600E+1	2.600E+1	1.500E+1	1.900E+1	1.900E+1	2.500E+1	2.900E+1	3.900E+1	4.000E+1	1.500E+1	1.500E+1	1.300E+1	2.300E+1	1.600E+1	2.500E+1	1.800E+1	0.000E+0	2.000E+0	0.000E+0	0.000E+0	1.000E+0	0.000E+0	1.000E+0	0.000E+0	0.000E+0	0.000E+0	0.000E+0	0.000E+0	0.000E+0	0.000E+0	7.000E+0	3.300E+1	1.490E+2	6.240E+2	2.491E+3	7.833E+3	1.831E+4	3.198E+4	4.068E+4	4.031E+4	3.147E+4	1.929E+4	9.068E+3	3.208E+3	8.690E+2	2.380E+2	6.300E+1	2.000E+1	2.000E+0	2.000E+0	1.000E+0	0.000E+0	0.000E+0	0.000E+0	0.000E+0	0.000E+0	1.000E+0	0.000E+0	1.000E+0	0.000E+0	0.000E+0	0.000E+0	0.000E+0	1.000E+0	0.000E+0	0.000E+0	0.000E+0	0.000E+0	0.000E+0	0.000E+0	0.000E+0	1.000E+0	0.000E+0	0.000E+0	0.000E+0	0.000E+0	0.000E+0	0.000E+0	1.000E+0
0.000E+0	0.000E+0	0.000E+0	0.000E+0	0.000E+0	0.000E+0	0.000E+0	0.000E+0	0.000E+0	2.000E+0	0.000E+0	1.000E+0	1.000E+0	0.000E+0	0.000E+0	1.000E+0	0.000E+0	0.000E+0	0.000E+0	0.000E+0	0.000E+0	0.000E+0	0.000E+0	3.000E+0	1.200E+1	6.000E+0	1.800E+1	1.900E+1	1.700E+1	2.100E+1	1.700E+1	2.100E+1	1.400E+1	1.700E+1	2.100E+1	1.600E+1	2.000E+1	1.900E+1	1.900E+1	1.900E+1	1.800E+1	2.400E+1	2.400E+1	2.000E+1	2.400E+1	1.100E+1	1.100E+1	1.700E+1	1.500E+1	1.400E+1	1.400E+1	1.700E+1	2.800E+1	1.500E+1	2.100E+1	2.700E+1	4.400E+1	5.300E+1	1.400E+1	7.000E+0	1.400E+1	1.800E+1	2.600E+1	1.900E+1	2.200E+1	1.000E+0	1.000E+0	0.000E+0	0.000E+0	0.000E+0	0.000E+0	0.000E+0	1.000E+0	1.000E+0	0.000E+0	0.000E+0	0.000E+0	1.000E+0	3.000E+0	9.000E+0	2.600E+1	1.460E+2	6.240E+2	2.628E+3	8.068E+3	1.823E+4	3.214E+4	4.118E+4	4.001E+4	3.121E+4	1.963E+4	9.879E+3	3.400E+3	1.022E+3	2.810E+2	7.100E+1	1.700E+1	2.000E+0	1.000E+0	0.000E+0	0.000E+0	0.000E+0	0.000E+0	0.000E+0	0.000E+0	0.000E+0	0.000E+0	0.000E+0	0.000E+0	0.000E+0	0.000E+0	0.000E+0	0.000E+0	0.000E+0	1.000E+0	0.000E+0	1.000E+0	0.000E+0	0.000E+0	0.000E+0	0.000E+0	1.000E+0	0.000E+0	0.000E+0	0.000E+0	0.000E+0	0.000E+0	0.000E+0
0.000E+0	1.000E+0	0.000E+0	0.000E+0	0.000E+0	0.000E+0	0.000E+0	0.000E+0	1.000E+0	0.000E+0	0.000E+0	1.000E+0	0.000E+0	1.000E+0	0.000E+0	0.000E+0	0.000E+0	0.000E+0	0.000E+0	0.000E+0	0.000E+0	1.000E+0	1.000E+0	0.000E+0	6.000E+0	1.900E+1	1.300E+1	1.300E+1	2.200E+1	2.100E+1	1.600E+1	1.300E+1	2.200E+1	9.000E+0	2.200E+1	1.300E+1	1.700E+1	1.900E+1	1.800E+1	1.700E+1	2.100E+1	1.000E+1	2.300E+1	2.800E+1	2.200E+1	1.300E+1	1.500E+1	1.200E+1	1.800E+1	2.000E+1	1.500E+1	1.800E+1	1.600E+1	2.300E+1	2.600E+1	2.900E+1	4.100E+1	4.600E+1	1.400E+1	1.700E+1	1.500E+1	1.500E+1	2.000E+1	1.700E+1	2.200E+1	1.000E+0	0.000E+0	0.000E+0	0.000E+0	0.000E+0	0.000E+0	0.000E+0	0.000E+0	0.000E+0	0.000E+0	0.000E+0	0.000E+0	1.000E+0	2.000E+0	6.000E+0	2.200E+1	1.710E+2	6.660E+2	2.530E+3	8.106E+3	1.907E+4	3.195E+4	4.078E+4	4.040E+4	3.112E+4	1.923E+4	9.117E+3	3.293E+3	9.180E+2	2.600E+2	6.100E+1	1.200E+1	2.000E+0	0.000E+0	1.000E+0	1.000E+0	0.000E+0	0.000E+0	0.000E+0	0.000E+0	1.000E+0	0.000E+0	0.000E+0	0.000E+0	0.000E+0	0.000E+0	0.000E+0	0.000E+0	0.000E+0	0.000E+0	1.000E+0	0.000E+0	2.000E+0	1.000E+0	0.000E+0	0.000E+0	0.000E+0	0.000E+0	0.000E+0	0.000E+0	0.000E+0	1.000E+0	0.000E+0
1.000E+0	0.000E+0	0.000E+0	0.000E+0	0.000E+0	0.000E+0	0.000E+0	0.000E+0	0.000E+0	0.000E+0	0.000E+0	0.000E+0	0.000E+0	0.000E+0	0.000E+0	0.000E+0	0.000E+0	0.000E+0	0.000E+0	0.000E+0	1.000E+0	0.000E+0	0.000E+0	0.000E+0	8.000E+0	1.400E+1	1.200E+1	1.400E+1	1.700E+1	1.800E+1	1.900E+1	2.300E+1	2.300E+1	2.300E+1	1.100E+1	1.700E+1	2.500E+1	1.600E+1	1.100E+1	2.200E+1	1.800E+1	9.000E+0	1.800E+1	2.500E+1	1.900E+1	1.500E+1	2.300E+1	1.800E+1	1.400E+1	1.400E+1	1.500E+1	1.500E+1	1.000E+1	1.500E+1	2.200E+1	3.700E+1	3.400E+1	5.500E+1	9.000E+0	1.300E+1	1.400E+1	1.400E+1	2.100E+1	1.600E+1	2.900E+1	2.000E+0	0.000E+0	0.000E+0	0.000E+0	0.000E+0	1.000E+0	0.000E+0	0.000E+0	0.000E+0	0.000E+0	0.000E+0	0.000E+0	1.000E+0	6.000E+0	1.700E+1	3.500E+1	1.380E+2	5.130E+2	2.120E+3	7.573E+3	1.901E+4	3.213E+4	3.984E+4	3.989E+4	3.102E+4	1.847E+4	8.930E+3	3.481E+3	1.161E+3	3.210E+2	7.900E+1	1.800E+1	5.000E+0	2.000E+0	2.000E+0	0.000E+0	0.000E+0	0.000E+0	0.000E+0	0.000E+0	1.000E+0	0.000E+0	0.000E+0	0.000E+0	0.000E+0	1.000E+0	1.000E+0	0.000E+0	0.000E+0	0.000E+0	0.000E+0	0.000E+0	0.000E+0	1.000E+0	0.000E+0	0.000E+0	0.000E+0	0.000E+0	0.000E+0	0.000E+0	1.000E+0	0.000E+0	0.000E+0
0.000E+0	0.000E+0	0.000E+0	0.000E+0	0.000E+0	0.000E+0	0.000E+0	0.000E+0	0.000E+0	1.000E+0	1.000E+0	0.000E+0	0.000E+0	0.000E+0	1.000E+0	0.000E+0	0.000E+0	0.000E+0	0.000E+0	0.000E+0	1.000E+0	0.000E+0	0.000E+0	2.000E+0	2.000E+0	1.400E+1	1.900E+1	1.300E+1	1.600E+1	1.300E+1	1.300E+1	1.100E+1	1.700E+1	1.100E+1	1.300E+1	1.000E+1	1.600E+1	1.000E+1	2.100E+1	1.000E+1	2.400E+1	2.300E+1	1.500E+1	1.400E+1	1.700E+1	1.900E+1	1.600E+1	1.100E+1	1.000E+1	1.400E+1	1.200E+1	1.900E+1	1.700E+1	2.100E+1	2.400E+1	3.500E+1	4.000E+1	4.600E+1	1.000E+1	1.600E+1	9.000E+0	8.000E+0	2.000E+1	1.500E+1	2.300E+1	2.000E+0	0.000E+0	0.000E+0	0.000E+0	0.000E+0	0.000E+0	0.000E+0	1.000E+0	0.000E+0	0.000E+0	0.000E+0	1.000E+0	0.000E+0	3.000E+0	3.000E+0	2.300E+1	1.610E+2	7.240E+2	2.617E+3	7.823E+3	1.825E+4	3.127E+4	3.949E+4	3.838E+4	3.012E+4	1.909E+4	9.350E+3	3.326E+3	1.025E+3	2.830E+2	7.400E+1	1.200E+1	3.000E+0	1.000E+0	0.000E+0	0.000E+0	0.000E+0	0.000E+0	0.000E+0	0.000E+0	0.000E+0	0.000E+0	0.000E+0	0.000E+0	1.000E+0	0.000E+0	0.000E+0	0.000E+0	0.000E+0	0.000E+0	0.000E+0	0.000E+0	0.000E+0	1.000E+0	0.000E+0	0.000E+0	0.000E+0	0.000E+0	0.000E+0	0.000E+0	1.000E+0	0.000E+0	0.000E+0
0.000E+0	0.000E+0	0.000E+0	0.000E+0	0.000E+0	0.000E+0	0.000E+0	0.000E+0	1.000E+0	0.000E+0	2.000E+0	0.000E+0	0.000E+0	0.000E+0	0.000E+0	0.000E+0	0.000E+0	0.000E+0	0.000E+0	0.000E+0	0.000E+0	0.000E+0	0.000E+0	1.000E+0	5.000E+0	1.100E+1	1.200E+1	1.300E+1	1.300E+1	1.600E+1	1.400E+1	1.400E+1	1.400E+1	1.800E+1	1.000E+1	1.500E+1	1.800E+1	2.100E+1	2.100E+1	1.500E+1	1.700E+1	1.800E+1	1.900E+1	1.900E+1	2.500E+1	2.200E+1	1.500E+1	1.500E+1	1.200E+1	2.000E+1	1.400E+1	1.700E+1	1.700E+1	1.200E+1	1.700E+1	2.500E+1	4.000E+1	6.100E+1	1.500E+1	1.000E+1	1.800E+1	1.800E+1	1.700E+1	1.600E+1	2.100E+1	1.000E+0	1.000E+0	0.000E+0	0.000E+0	0.000E+0	0.000E+0	0.000E+0	0.000E+0	0.000E+0	0.000E+0	1.000E+0	0.000E+0	1.000E+0	2.000E+0	3.000E+0	2.400E+1	1.090E+2	5.230E+2	2.146E+3	7.065E+3	1.797E+4	3.078E+4	3.982E+4	3.854E+4	2.997E+4	1.823E+4	8.493E+3	3.260E+3	1.058E+3	3.010E+2	5.400E+1	1.200E+1	2.000E+0	0.000E+0	0.000E+0	1.000E+0	0.000E+0	0.000E+0	0.000E+0	0.000E+0	1.000E+0	1.000E+0	0.000E+0	0.000E+0	1.000E+0	0.000E+0	0.000E+0	0.000E+0	0.000E+0	0.000E+0	0.000E+0	0.000E+0	0.000E+0	0.000E+0	0.000E+0	0.000E+0	0.000E+0	1.000E+0	0.000E+0	0.000E+0	0.000E+0	1.000E+0	0.000E+0
0.000E+0	0.000E+0	0.000E+0	0.000E+0	0.000E+0	0.000E+0	0.000E+0	1.000E+0	0.000E+0	0.000E+0	0.000E+0	1.000E+0	0.000E+0	0.000E+0	0.000E+0	0.000E+0	0.000E+0	0.000E+0	0.000E+0	0.000E+0	0.000E+0	0.000E+0	0.000E+0	0.000E+0	7.000E+0	4.000E+0	1.000E+1	1.200E+1	2.200E+1	2.600E+1	1.600E+1	1.800E+1	2.000E+1	1.600E+1	1.200E+1	1.200E+1	8.000E+0	1.200E+1	1.700E+1	2.200E+1	2.000E+1	2.100E+1	2.300E+1	1.300E+1	1.400E+1	1.200E+1	1.500E+1	1.400E+1	1.300E+1	1.500E+1	1.700E+1	1.600E+1	1.300E+1	2.900E+1	1.600E+1	4.000E+1	4.900E+1	4.500E+1	1.000E+1	1.300E+1	2.200E+1	9.000E+0	1.900E+1	1.600E+1	2.100E+1	1.000E+0	0.000E+0	0.000E+0	2.000E+0	0.000E+0	0.000E+0	0.000E+0	0.000E+0	0.000E+0	0.000E+0	0.000E+0	0.000E+0	0.000E+0	3.000E+0	5.000E+0	3.200E+1	1.500E+2	6.420E+2	2.400E+3	7.499E+3	1.765E+4	3.034E+4	3.859E+4	3.812E+4	2.943E+4	1.849E+4	9.125E+3	3.357E+3	9.270E+2	2.420E+2	5.400E+1	8.000E+0	1.000E+0	1.000E+0	0.000E+0	0.000E+0	1.000E+0	2.000E+0	0.000E+0	0.000E+0	0.000E+0	0.000E+0	0.000E+0	0.000E+0	0.000E+0	0.000E+0	0.000E+0	1.000E+0	0.000E+0	0.000E+0	0.000E+0	0.000E+0	0.000E+0	2.000E+0	0.000E+0	2.000E+0	0.000E+0	1.000E+0	0.000E+0	1.000E+0	0.000E+0	0.000E+0	0.000E+0
0.000E+0	0.000E+0	0.000E+0	0.000E+0	0.000E+0	1.000E+0	0.000E+0	1.000E+0	0.000E+0	0.000E+0	0.000E+0	0.000E+0	0.000E+0	0.000E+0	0.000E+0	1.000E+0	2.000E+0	0.000E+0	0.000E+0	1.000E+0	0.000E+0	0.000E+0	0.000E+0	0.000E+0	3.000E+0	2.300E+1	1.100E+1	1.700E+1	1.100E+1	1.600E+1	2.400E+1	1.500E+1	2.300E+1	9.000E+0	1.200E+1	1.200E+1	1.400E+1	1.300E+1	2.400E+1	1.200E+1	1.000E+1	2.100E+1	1.100E+1	2.100E+1	2.400E+1	1.400E+1	1.800E+1	1.900E+1	1.200E+1	1.700E+1	1.500E+1	1.500E+1	1.600E+1	2.200E+1	2.800E+1	2.400E+1	3.300E+1	4.900E+1	1.600E+1	1.600E+1	1.800E+1	1.700E+1	2.100E+1	2.900E+1	2.600E+1	0.000E+0	1.000E+0	0.000E+0	0.000E+0	0.000E+0	0.000E+0	0.000E+0	0.000E+0	0.000E+0	0.000E+0	0.000E+0	3.000E+0	1.000E+0	1.000E+0	6.000E+0	3.800E+1	1.620E+2	5.890E+2	2.157E+3	7.160E+3	1.820E+4	3.127E+4	3.980E+4	3.908E+4	2.982E+4	1.823E+4	8.687E+3	3.173E+3	8.630E+2	1.760E+2	5.500E+1	1.300E+1	1.000E+0	2.000E+0	0.000E+0	0.000E+0	0.000E+0	0.000E+0	0.000E+0	0.000E+0	1.000E+0	0.000E+0	1.000E+0	0.000E+0	0.000E+0	0.000E+0	0.000E+0	1.000E+0	1.000E+0	1.000E+0	0.000E+0	0.000E+0	0.000E+0	0.000E+0	0.000E+0	0.000E+0	1.000E+0	0.000E+0	1.000E+0	0.000E+0	0.000E+0	0.000E+0	1.000E+0
0.000E+0	0.000E+0	0.000E+0	0.000E+0	0.000E+0	1.000E+0	0.000E+0	0.000E+0	0.000E+0	0.000E+0	1.000E+0	0.000E+0	0.000E+0	1.000E+0	0.000E+0	0.000E+0	0.000E+0	0.000E+0	0.000E+0	0.000E+0	0.000E+0	0.000E+0	0.000E+0	1.000E+0	1.000E+0	1.200E+1	1.200E+1	1.400E+1	2.100E+1	1.600E+1	1.300E+1	2.500E+1	1.500E+1	1.200E+1	2.000E+1	2.300E+1	1.700E+1	2.000E+1	2.000E+1	1.800E+1	1.200E+1	2.200E+1	1.600E+1	2.000E+1	2.300E+1	1.400E+1	1.200E+1	1.400E+1	1.900E+1	2.100E+1	1.300E+1	2.100E+1	1.600E+1	2.800E+1	3.200E+1	4.500E+1	4.700E+1	4.200E+1	1.400E+1	1.100E+1	1.900E+1	1.900E+1	1.900E+1	1.900E+1	1.700E+1	0.000E+0	0.000E+0	1.000E+0	0.000E+0	0.000E+0	0.000E+0	0.000E+0	1.000E+0	0.000E+0	0.000E+0	0.000E+0	0.000E+0	3.000E+0	0.000E+0	1.200E+1	4.600E+1	1.730E+2	6.930E+2	2.587E+3	7.730E+3	1.772E+4	2.970E+4	3.841E+4	3.772E+4	2.933E+4	1.838E+4	9.049E+3	3.300E+3	9.500E+2	2.330E+2	4.700E+1	9.000E+0	2.000E+0	1.000E+0	0.000E+0	0.000E+0	0.000E+0	0.000E+0	0.000E+0	0.000E+0	0.000E+0	0.000E+0	0.000E+0	0.000E+0	1.000E+0	0.000E+0	0.000E+0	0.000E+0	0.000E+0	0.000E+0	0.000E+0	1.000E+0	0.000E+0	1.000E+0	0.000E+0	1.000E+0	0.000E+0	0.000E+0	0.000E+0	0.000E+0	0.000E+0	0.000E+0	0.000E+0
0.000E+0	0.000E+0	0.000E+0	0.000E+0	0.000E+0	0.000E+0	0.000E+0	1.000E+0	1.000E+0	0.000E+0	0.000E+0	0.000E+0	0.000E+0	0.000E+0	0.000E+0	0.000E+0	0.000E+0	0.000E+0	0.000E+0	0.000E+0	0.000E+0	0.000E+0	0.000E+0	1.000E+0	9.000E+0	1.300E+1	1.900E+1	1.800E+1	1.400E+1	2.000E+1	1.400E+1	1.400E+1	1.500E+1	1.800E+1	1.700E+1	2.100E+1	1.000E+1	1.800E+1	1.100E+1	1.300E+1	8.000E+0	1.700E+1	1.600E+1	1.200E+1	1.900E+1	1.600E+1	1.200E+1	1.600E+1	2.300E+1	1.400E+1	2.200E+1	1.600E+1	1.400E+1	2.600E+1	1.600E+1	2.800E+1	4.700E+1	5.200E+1	1.300E+1	1.300E+1	8.000E+0	1.200E+1	2.100E+1	2.400E+1	2.000E+1	3.000E+0	0.000E+0	0.000E+0	0.000E+0	0.000E+0	0.000E+0	0.000E+0	0.000E+0	1.000E+0	0.000E+0	1.000E+0	0.000E+0	1.000E+0	3.000E+0	5.000E+0	2.200E+1	1.310E+2	5.660E+2	1.844E+3	6.659E+3	1.718E+4	3.068E+4	3.898E+4	3.799E+4	2.930E+4	1.747E+4	8.261E+3	3.050E+3	8.780E+2	2.020E+2	5.400E+1	5.000E+0	1.000E+0	2.000E+0	1.000E+0	2.000E+0	1.000E+0	0.000E+0	0.000E+0	1.000E+0	0.000E+0	1.000E+0	0.000E+0	0.000E+0	0.000E+0	0.000E+0	0.000E+0	0.000E+0	0.000E+0	0.000E+0	0.000E+0	0.000E+0	0.000E+0	0.000E+0	0.000E+0	0.000E+0	0.000E+0	1.000E+0	0.000E+0	0.000E+0	0.000E+0	0.000E+0	0.000E+0
0.000E+0	0.000E+0	0.000E+0	1.000E+0	0.000E+0	0.000E+0	0.000E+0	0.000E+0	1.000E+0	0.000E+0	0.000E+0	0.000E+0	1.000E+0	0.000E+0	1.000E+0	0.000E+0	0.000E+0	0.000E+0	0.000E+0	0.000E+0	0.000E+0	2.000E+0	0.000E+0	0.000E+0	5.000E+0	1.100E+1	6.000E+0	1.200E+1	1.200E+1	1.900E+1	2.100E+1	1.300E+1	1.700E+1	1.700E+1	1.300E+1	2.100E+1	1.100E+1	1.300E+1	1.700E+1	1.900E+1	9.000E+0	1.400E+1	1.300E+1	2.500E+1	1.500E+1	2.100E+1	2.000E+1	2.300E+1	2.400E+1	1.800E+1	1.600E+1	2.000E+1	1.500E+1	1.600E+1	1.900E+1	3.900E+1	4.600E+1	4.700E+1	1.500E+1	1.700E+1	1.600E+1	1.100E+1	2.100E+1	2.100E+1	1.700E+1	0.000E+0	0.000E+0	0.000E+0	0.000E+0	0.000E+0	1.000E+0	0.000E+0	0.000E+0	0.000E+0	0.000E+0	0.000E+0	0.000E+0	2.000E+0	2.000E+0	1.200E+1	3.000E+1	1.510E+2	6.580E+2	2.684E+3	7.823E+3	1.732E+4	2.922E+4	3.780E+4	3.735E+4	2.907E+4	1.791E+4	9.210E+3	3.505E+3	9.270E+2	2.230E+2	5.200E+1	1.400E+1	1.000E+0	0.000E+0	1.000E+0	1.000E+0	0.000E+0	0.000E+0	0.000E+0	1.000E+0	0.000E+0	0.000E+0	0.000E+0	0.000E+0	0.000E+0	0.000E+0	1.000E+0	0.000E+0	0.000E+0	0.000E+0	2.000E+0	1.000E+0	0.000E+0	2.000E+0	0.000E+0	0.000E+0	0.000E+0	0.000E+0	0.000E+0	0.000E+0	0.000E+0	0.000E+0	0.000E+0
0.000E+0	1.000E+0	0.000E+0	1.000E+0	0.000E+0	0.000E+0	0.000E+0	1.000E+0	0.000E+0	0.000E+0	0.000E+0	0.000E+0	0.000E+0	0.000E+0	0.000E+0	0.000E+0	0.000E+0	0.000E+0	0.000E+0	0.000E+0	0.000E+0	0.000E+0	0.000E+0	1.000E+0	7.000E+0	1.300E+1	1.200E+1	1.000E+1	1.200E+1	1.700E+1	1.600E+1	1.700E+1	1.200E+1	1.100E+1	1.800E+1	2.100E+1	1.600E+1	1.000E+1	1.400E+1	1.000E+1	5.000E+0	6.000E+0	1.400E+1	1.000E+1	1.300E+1	1.800E+1	1.300E+1	1.600E+1	9.000E+0	1.100E+1	2.200E+1	1.600E+1	1.600E+1	2.600E+1	2.700E+1	3.800E+1	4.200E+1	6.000E+1	1.500E+1	1.800E+1	1.900E+1	1.300E+1	1.700E+1	1.900E+1	2.000E+1	1.000E+0	0.000E+0	0.000E+0	0.000E+0	0.000E+0	0.000E+0	0.000E+0	0.000E+0	1.000E+0	0.000E+0	0.000E+0	0.000E+0	1.000E+0	0.000E+0	8.000E+0	4.500E+1	1.820E+2	6.330E+2	2.179E+3	7.459E+3	1.767E+4	2.985E+4	3.771E+4	3.754E+4	2.938E+4	1.766E+4	8.474E+3	3.497E+3	1.165E+3	2.700E+2	4.400E+1	1.500E+1	9.000E+0	0.000E+0	0.000E+0	0.000E+0	0.000E+0	0.000E+0	0.000E+0	1.000E+0	0.000E+0	0.000E+0	0.000E+0	0.000E+0	0.000E+0	0.000E+0	1.000E+0	0.000E+0	0.000E+0	1.000E+0	1.000E+0	0.000E+0	0.000E+0	0.000E+0	0.000E+0	0.000E+0	1.000E+0	0.000E+0	0.000E+0	0.000E+0	0.000E+0	0.000E+0	0.000E+0
0.000E+0	0.000E+0	0.000E+0	0.000E+0	0.000E+0	0.000E+0	0.000E+0	0.000E+0	1.000E+0	0.000E+0	1.000E+0	0.000E+0	0.000E+0	2.000E+0	0.000E+0	0.000E+0	0.000E+0	0.000E+0	0.000E+0	0.000E+0	0.000E+0	1.000E+0	0.000E+0	1.000E+0	5.000E+0	1.300E+1	1.500E+1	1.600E+1	1.400E+1	2.100E+1	2.700E+1	2.600E+1	1.600E+1	1.800E+1	1.800E+1	1.800E+1	1.400E+1	1.700E+1	1.000E+1	2.200E+1	2.800E+1	2.600E+1	2.100E+1	2.700E+1	2.200E+1	2.000E+1	2.300E+1	2.200E+1	2.600E+1	2.100E+1	1.400E+1	1.400E+1	1.500E+1	2.100E+1	1.600E+1	3.400E+1	4.100E+1	4.700E+1	1.200E+1	1.400E+1	1.400E+1	1.800E+1	1.700E+1	2.200E+1	2.100E+1	2.000E+0	1.000E+0	0.000E+0	0.000E+0	0.000E+0	0.000E+0	0.000E+0	0.000E+0	0.000E+0	0.000E+0	0.000E+0	1.000E+0	1.000E+0	2.000E+0	5.000E+0	3.600E+1	1.590E+2	6.590E+2	2.575E+3	8.176E+3	1.832E+4	2.911E+4	3.669E+4	3.642E+4	2.869E+4	1.798E+4	9.440E+3	3.906E+3	1.179E+3	2.770E+2	7.200E+1	1.600E+1	5.000E+0	1.000E+0	0.000E+0	0.000E+0	0.000E+0	1.000E+0	0.000E+0	0.000E+0	0.000E+0	0.000E+0	0.000E+0	0.000E+0	0.000E+0	1.000E+0	0.000E+0	0.000E+0	0.000E+0	0.000E+0	0.000E+0	1.000E+0	0.000E+0	0.000E+0	0.000E+0	0.000E+0	0.000E+0	0.000E+0	0.000E+0	0.000E+0	0.000E+0	0.000E+0	0.000E+0
0.000E+0	1.000E+0	0.000E+0	0.000E+0	0.000E+0	0.000E+0	0.000E+0	0.000E+0	0.000E+0	0.000E+0	0.000E+0	0.000E+0	0.000E+0	0.000E+0	0.000E+0	0.000E+0	0.000E+0	0.000E+0	0.000E+0	0.000E+0	0.000E+0	0.000E+0	0.000E+0	2.000E+0	6.000E+0	2.000E+1	1.900E+1	1.500E+1	1.300E+1	1.900E+1	2.200E+1	2.200E+1	2.000E+1	1.600E+1	1.900E+1	2.000E+1	2.500E+1	2.200E+1	2.900E+1	1.500E+1	1.900E+1	1.900E+1	2.800E+1	3.200E+1	2.500E+1	2.200E+1	1.800E+1	1.300E+1	2.000E+1	2.100E+1	1.200E+1	2.000E+1	1.400E+1	2.400E+1	2.300E+1	2.800E+1	3.800E+1	4.300E+1	1.300E+1	1.200E+1	1.200E+1	1.800E+1	1.400E+1	1.900E+1	3.100E+1	0.000E+0	0.000E+0	0.000E+0	1.000E+0	0.000E+0	0.000E+0	0.000E+0	0.000E+0	0.000E+0	0.000E+0	0.000E+0	0.000E+0	0.000E+0	3.000E+0	6.000E+0	2.900E+1	1.340E+2	6.270E+2	2.265E+3	7.581E+3	1.787E+4	2.986E+4	3.642E+4	3.590E+4	2.843E+4	1.752E+4	8.439E+3	3.545E+3	1.224E+3	3.600E+2	7.600E+1	1.300E+1	9.000E+0	0.000E+0	1.000E+0	0.000E+0	1.000E+0	0.000E+0	1.000E+0	0.000E+0	0.000E+0	0.000E+0	0.000E+0	0.000E+0	0.000E+0	0.000E+0	1.000E+0	0.000E+0	0.000E+0	0.000E+0	0.000E+0	0.000E+0	1.000E+0	0.000E+0	1.000E+0	0.000E+0	0.000E+0	0.000E+0	0.000E+0	0.000E+0	0.000E+0	0.000E+0	0.000E+0
1.000E+0	0.000E+0	0.000E+0	0.000E+0	0.000E+0	0.000E+0	0.000E+0	0.000E+0	0.000E+0	0.000E+0	0.000E+0	0.000E+0	0.000E+0	0.000E+0	0.000E+0	1.000E+0	1.000E+0	1.000E+0	0.000E+0	0.000E+0	0.000E+0	1.000E+0	0.000E+0	0.000E+0	1.100E+1	1.200E+1	2.600E+1	1.600E+1	1.700E+1	2.500E+1	1.800E+1	1.700E+1	2.100E+1	1.900E+1	2.100E+1	3.100E+1	2.200E+1	2.800E+1	2.300E+1	1.700E+1	2.000E+1	2.000E+1	3.500E+1	3.100E+1	3.000E+1	3.300E+1	1.900E+1	2.500E+1	1.700E+1	1.700E+1	2.600E+1	2.200E+1	1.800E+1	2.100E+1	4.200E+1	3.100E+1	4.000E+1	4.000E+1	1.100E+1	1.700E+1	2.200E+1	2.300E+1	1.700E+1	1.300E+1	2.800E+1	3.000E+0	0.000E+0	1.000E+0	0.000E+0	0.000E+0	0.000E+0	0.000E+0	0.000E+0	0.000E+0	1.000E+0	1.000E+0	0.000E+0	0.000E+0	2.000E+0	7.000E+0	2.900E+1	1.870E+2	7.310E+2	2.352E+3	7.497E+3	1.806E+4	3.079E+4	3.854E+4	3.860E+4	3.029E+4	1.835E+4	8.495E+3	3.290E+3	1.003E+3	2.550E+2	4.800E+1	1.000E+1	1.000E+0	1.000E+0	1.000E+0	0.000E+0	0.000E+0	2.000E+0	0.000E+0	0.000E+0	1.000E+0	0.000E+0	1.000E+0	0.000E+0	0.000E+0	0.000E+0	0.000E+0	1.000E+0	0.000E+0	0.000E+0	0.000E+0	0.000E+0	0.000E+0	0.000E+0	0.000E+0	1.000E+0	0.000E+0	0.000E+0	1.000E+0	0.000E+0	0.000E+0	0.000E+0	0.000E+0
0.000E+0	0.000E+0	0.000E+0	0.000E+0	0.000E+0	0.000E+0	1.000E+0	0.000E+0	0.000E+0	0.000E+0	0.000E+0	1.000E+0	0.000E+0	0.000E+0	0.000E+0	0.000E+0	0.000E+0	0.000E+0	0.000E+0	0.000E+0	0.000E+0	1.000E+0	0.000E+0	0.000E+0	4.000E+0	1.700E+1	1.900E+1	8.000E+0	2.800E+1	2.100E+1	1.900E+1	2.000E+1	2.700E+1	2.200E+1	1.000E+1	3.100E+1	1.800E+1	2.000E+1	2.900E+1	1.900E+1	2.700E+1	2.300E+1	2.400E+1	3.800E+1	3.800E+1	3.200E+1	2.700E+1	2.000E+1	2.000E+1	1.900E+1	3.200E+1	2.100E+1	2.000E+1	1.300E+1	2.400E+1	4.200E+1	5.200E+1	4.700E+1	1.400E+1	7.000E+0	1.800E+1	1.000E+1	2.100E+1	2.100E+1	2.300E+1	2.000E+0	0.000E+0	0.000E+0	0.000E+0	0.000E+0	0.000E+0	0.000E+0	0.000E+0	0.000E+0	0.000E+0	0.000E+0	0.000E+0	1.000E+0	1.000E+0	7.000E+0	2.200E+1	1.150E+2	6.150E+2	2.268E+3	7.266E+3	1.774E+4	3.037E+4	3.929E+4	3.874E+4	2.983E+4	1.804E+4	8.851E+3	3.119E+3	9.300E+2	2.640E+2	6.600E+1	1.000E+1	3.000E+0	0.000E+0	0.000E+0	0.000E+0	3.000E+0	0.000E+0	0.000E+0	1.000E+0	0.000E+0	1.000E+0	0.000E+0	0.000E+0	0.000E+0	0.000E+0	0.000E+0	0.000E+0	0.000E+0	0.000E+0	0.000E+0	0.000E+0	0.000E+0	0.000E+0	0.000E+0	0.000E+0	0.000E+0	0.000E+0	0.000E+0	0.000E+0	1.000E+0	0.000E+0	0.000E+0
0.000E+0	0.000E+0	0.000E+0	0.000E+0	0.000E+0	0.000E+0	0.000E+0	0.000E+0	0.000E+0	1.000E+0	0.000E+0	0.000E+0	0.000E+0	0.000E+0	0.000E+0	0.000E+0	2.000E+0	0.000E+0	0.000E+0	0.000E+0	0.000E+0	0.000E+0	0.000E+0	0.000E+0	5.000E+0	1.800E+1	2.600E+1	1.600E+1	1.700E+1	2.100E+1	1.200E+1	2.400E+1	2.100E+1	1.500E+1	1.800E+1	2.200E+1	2.600E+1	1.900E+1	1.800E+1	1.800E+1	2.400E+1	2.700E+1	3.500E+1	3.600E+1	3.500E+1	3.500E+1	2.800E+1	1.900E+1	2.000E+1	2.900E+1	3.100E+1	2.100E+1	2.400E+1	2.500E+1	2.200E+1	2.900E+1	3.900E+1	4.500E+1	1.200E+1	1.700E+1	1.200E+1	1.300E+1	2.000E+1	2.400E+1	2.500E+1	0.000E+0	0.000E+0	0.000E+0	0.000E+0	0.000E+0	0.000E+0	0.000E+0	0.000E+0	1.000E+0	3.000E+0	0.000E+0	0.000E+0	2.000E+0	3.000E+0	9.000E+0	2.300E+1	1.370E+2	5.650E+2	2.407E+3	7.384E+3	1.783E+4	3.025E+4	3.885E+4	3.873E+4	2.992E+4	1.827E+4	8.604E+3	3.044E+3	8.590E+2	2.150E+2	6.200E+1	1.100E+1	1.000E+0	0.000E+0	0.000E+0	0.000E+0	0.000E+0	0.000E+0	0.000E+0	0.000E+0	0.000E+0	0.000E+0	0.000E+0	0.000E+0	0.000E+0	1.000E+0	0.000E+0	0.000E+0	0.000E+0	0.000E+0	0.000E+0	0.000E+0	0.000E+0	0.000E+0	0.000E+0	0.000E+0	0.000E+0	0.000E+0	1.000E+0	0.000E+0	0.000E+0	0.000E+0	0.000E+0
0.000E+0	0.000E+0	0.000E+0	0.000E+0	1.000E+0	0.000E+0	0.000E+0	0.000E+0	0.000E+0	0.000E+0	0.000E+0	0.000E+0	0.000E+0	2.000E+0	0.000E+0	0.000E+0	0.000E+0	0.000E+0	0.000E+0	0.000E+0	0.000E+0	0.000E+0	0.000E+0	0.000E+0	7.000E+0	1.400E+1	1.800E+1	1.600E+1	2.600E+1	3.200E+1	2.200E+1	1.500E+1	3.200E+1	1.500E+1	2.300E+1	1.800E+1	1.800E+1	2.200E+1	2.100E+1	2.200E+1	2.200E+1	2.800E+1	3.700E+1	3.600E+1	3.000E+1	3.200E+1	3.000E+1	2.700E+1	2.400E+1	2.500E+1	2.600E+1	2.200E+1	1.600E+1	2.100E+1	2.600E+1	3.400E+1	3.500E+1	5.000E+1	1.600E+1	1.300E+1	9.000E+0	1.300E+1	1.800E+1	1.700E+1	1.900E+1	0.000E+0	0.000E+0	1.000E+0	2.000E+0	0.000E+0	0.000E+0	0.000E+0	0.000E+0	0.000E+0	1.000E+0	1.000E+0	1.000E+0	0.000E+0	3.000E+0	7.000E+0	3.400E+1	1.630E+2	7.860E+2	2.630E+3	7.889E+3	1.786E+4	3.031E+4	3.873E+4	3.854E+4	2.970E+4	1.867E+4	8.988E+3	3.301E+3	8.990E+2	2.200E+2	5.800E+1	1.600E+1	0.000E+0	1.000E+0	0.000E+0	0.000E+0	0.000E+0	0.000E+0	0.000E+0	0.000E+0	0.000E+0	0.000E+0	0.000E+0	0.000E+0	0.000E+0	1.000E+0	0.000E+0	0.000E+0	0.000E+0	0.000E+0	1.000E+0	0.000E+0	0.000E+0	0.000E+0	0.000E+0	1.000E+0	0.000E+0	0.000E+0	0.000E+0	0.000E+0	0.000E+0	0.000E+0	0.000E+0
1.000E+0	0.000E+0	0.000E+0	0.000E+0	0.000E+0	0.000E+0	0.000E+0	0.000E+0	3.000E+0	0.000E+0	0.000E+0	0.000E+0	0.000E+0	0.000E+0	0.000E+0	0.000E+0	0.000E+0	1.000E+0	0.000E+0	0.000E+0	0.000E+0	1.000E+0	0.000E+0	1.000E+0	8.000E+0	2.000E+1	2.600E+1	1.600E+1	2.000E+1	1.400E+1	2.100E+1	2.000E+1	2.300E+1	2.800E+1	2.500E+1	2.700E+1	2.700E+1	2.300E+1	2.700E+1	2.400E+1	2.200E+1	2.800E+1	3.900E+1	4.100E+1	3.200E+1	3.500E+1	2.400E+1	3.900E+1	2.300E+1	1.900E+1	2.700E+1	1.800E+1	2.500E+1	2.000E+1	2.300E+1	3.300E+1	5.300E+1	5.200E+1	8.000E+0	1.100E+1	1.000E+1	1.300E+1	1.700E+1	1.900E+1	3.100E+1	1.000E+0	1.000E+0	0.000E+0	0.000E+0	0.000E+0	1.000E+0	1.000E+0	0.000E+0	0.000E+0	0.000E+0	0.000E+0	0.000E+0	1.000E+0	0.000E+0	5.000E+0	2.800E+1	1.600E+2	6.770E+2	2.451E+3	7.530E+3	1.773E+4	3.163E+4	3.979E+4	3.863E+4	3.096E+4	1.951E+4	9.059E+3	3.249E+3	9.410E+2	2.960E+2	5.200E+1	1.300E+1	2.000E+0	0.000E+0	0.000E+0	1.000E+0	0.000E+0	1.000E+0	0.000E+0	0.000E+0	0.000E+0	0.000E+0	1.000E+0	0.000E+0	0.000E+0	0.000E+0	0.000E+0	0.000E+0	0.000E+0	0.000E+0	0.000E+0	1.000E+0	0.000E+0	0.000E+0	0.000E+0	0.000E+0	0.000E+0	0.000E+0	0.000E+0	1.000E+0	0.000E+0	0.000E+0	1.000E+0
0.000E+0	0.000E+0	0.000E+0	0.000E+0	0.000E+0	0.000E+0	0.000E+0	0.000E+0	0.000E+0	0.000E+0	0.000E+0	0.000E+0	0.000E+0	0.000E+0	0.000E+0	1.000E+0	0.000E+0	0.000E+0	0.000E+0	0.000E+0	0.000E+0	1.000E+0	0.000E+0	0.000E+0	1.000E+1	1.700E+1	1.100E+1	2.300E+1	1.900E+1	1.100E+1	2.500E+1	2.400E+1	1.500E+1	1.800E+1	2.300E+1	2.700E+1	2.500E+1	2.000E+1	3.100E+1	2.400E+1	3.400E+1	2.700E+1	2.000E+1	3.400E+1	3.700E+1	2.500E+1	2.100E+1	2.500E+1	2.000E+1	2.400E+1	2.700E+1	2.300E+1	1.000E+1	2.100E+1	3.100E+1	3.400E+1	3.200E+1	4.100E+1	1.600E+1	1.800E+1	1.500E+1	1.200E+1	1.800E+1	2.100E+1	3.100E+1	0.000E+0	1.000E+0	0.000E+0	0.000E+0	0.000E+0	0.000E+0	0.000E+0	0.000E+0	1.000E+0	1.000E+0	0.000E+0	0.000E+0	0.000E+0	3.000E+0	1.100E+1	3.200E+1	1.390E+2	6.400E+2	2.292E+3	7.154E+3	1.847E+4	3.211E+4	3.995E+4	3.867E+4	3.073E+4	1.879E+4	8.331E+3	3.279E+3	1.276E+3	3.090E+2	5.800E+1	1.300E+1	1.000E+0	0.000E+0	0.000E+0	0.000E+0	0.000E+0	0.000E+0	0.000E+0	0.000E+0	0.000E+0	0.000E+0	0.000E+0	0.000E+0	0.000E+0	0.000E+0	0.000E+0	0.000E+0	0.000E+0	1.000E+0	0.000E+0	0.000E+0	0.000E+0	0.000E+0	0.000E+0	0.000E+0	0.000E+0	0.000E+0	0.000E+0	0.000E+0	0.000E+0	0.000E+0	0.000E+0
0.000E+0	0.000E+0	0.000E+0	0.000E+0	0.000E+0	1.000E+0	0.000E+0	0.000E+0	0.000E+0	0.000E+0	1.000E+0	0.000E+0	0.000E+0	0.000E+0	0.000E+0	0.000E+0	1.000E+0	0.000E+0	0.000E+0	0.000E+0	0.000E+0	0.000E+0	0.000E+0	1.000E+0	9.000E+0	1.600E+1	2.500E+1	1.700E+1	1.900E+1	1.500E+1	2.200E+1	1.600E+1	3.000E+1	1.800E+1	2.400E+1	2.800E+1	1.100E+1	2.500E+1	2.800E+1	2.400E+1	3.000E+1	2.600E+1	4.600E+1	4.900E+1	4.200E+1	3.300E+1	2.400E+1	2.600E+1	2.100E+1	2.800E+1	2.600E+1	2.700E+1	2.900E+1	2.700E+1	3.400E+1	3.300E+1	4.100E+1	4.800E+1	1.700E+1	1.000E+1	1.600E+1	1.400E+1	1.400E+1	1.600E+1	2.000E+1	1.000E+0	0.000E+0	1.000E+0	1.000E+0	0.000E+0	0.000E+0	0.000E+0	0.000E+0	0.000E+0	0.000E+0	0.000E+0	0.000E+0	2.000E+0	1.000E+0	9.000E+0	2.600E+1	1.270E+2	5.790E+2	2.233E+3	7.452E+3	1.818E+4	3.001E+4	3.909E+4	3.871E+4	2.995E+4	1.844E+4	9.041E+3	3.616E+3	1.064E+3	2.640E+2	6.900E+1	9.000E+0	4.000E+0	3.000E+0	1.000E+0	0.000E+0	0.000E+0	0.000E+0	0.000E+0	0.000E+0	0.000E+0	0.000E+0	0.000E+0	0.000E+0	0.000E+0	0.000E+0	0.000E+0	0.000E+0	1.000E+0	0.000E+0	0.000E+0	0.000E+0	0.000E+0	0.000E+0	0.000E+0	0.000E+0	0.000E+0	0.000E+0	0.000E+0	0.000E+0	0.000E+0	0.000E+0	1.000E+0
1.000E+0	0.000E+0	1.000E+0	0.000E+0	1.000E+0	0.000E+0	0.000E+0	0.000E+0	1.000E+0	0.000E+0	0.000E+0	0.000E+0	0.000E+0	2.000E+0	2.000E+0	0.000E+0	0.000E+0	0.000E+0	0.000E+0	0.000E+0	0.000E+0	0.000E+0	1.000E+0	0.000E+0	5.000E+0	1.700E+1	1.800E+1	2.100E+1	2.100E+1	2.200E+1	2.100E+1	2.100E+1	1.900E+1	2.700E+1	2.400E+1	2.200E+1	1.600E+1	2.400E+1	2.200E+1	2.000E+1	1.800E+1	3.800E+1	3.000E+1	4.000E+1	4.200E+1	3.400E+1	3.000E+1	2.600E+1	1.800E+1	2.500E+1	2.800E+1	3.000E+1	2.700E+1	2.800E+1	2.700E+1	3.900E+1	4.700E+1	5.300E+1	1.200E+1	1.600E+1	1.400E+1	2.000E+1	1.400E+1	2.200E+1	3.500E+1	0.000E+0	0.000E+0	0.000E+0	0.000E+0	0.000E+0	0.000E+0	1.000E+0	0.000E+0	0.000E+0	0.000E+0	0.000E+0	0.000E+0	0.000E+0	2.000E+0	1.000E+1	2.900E+1	1.930E+2	8.000E+2	2.777E+3	7.882E+3	1.800E+4	3.038E+4	3.872E+4	3.832E+4	3.001E+4	1.874E+4	8.863E+3	3.305E+3	9.670E+2	2.570E+2	6.800E+1	1.200E+1	2.000E+0	2.000E+0	0.000E+0	1.000E+0	0.000E+0	1.000E+0	1.000E+0	0.000E+0	0.000E+0	0.000E+0	0.000E+0	0.000E+0	0.000E+0	0.000E+0	0.000E+0	0.000E+0	0.000E+0	0.000E+0	0.000E+0	0.000E+0	0.000E+0	0.000E+0	0.000E+0	0.000E+0	0.000E+0	0.000E+0	0.000E+0	0.000E+0	0.000E+0	0.000E+0	0.000E+0
1.000E+0	0.000E+0	2.000E+0	0.000E+0	0.000E+0	0.000E+0	0.000E+0	0.000E+0	0.000E+0	0.000E+0	0.000E+0	0.000E+0	0.000E+0	0.000E+0	0.000E+0	0.000E+0	0.000E+0	0.000E+0	0.000E+0	0.000E+0	0.000E+0	0.000E+0	1.000E+0	0.000E+0	5.000E+0	1.600E+1	1.900E+1	2.800E+1	2.200E+1	2.100E+1	2.500E+1	2.500E+1	2.100E+1	2.700E+1	2.300E+1	2.600E+1	1.200E+1	3.200E+1	2.300E+1	1.700E+1	2.500E+1	4.000E+1	3.600E+1	4.700E+1	4.300E+1	3.500E+1	3.500E+1	2.300E+1	2.600E+1	2.300E+1	1.900E+1	2.000E+1	2.100E+1	2.400E+1	3.300E+1	3.800E+1	3.800E+1	5.100E+1	6.000E+0	1.400E+1	1.400E+1	1.200E+1	1.500E+1	2.300E+1	2.100E+1	0.000E+0	0.000E+0	0.000E+0	0.000E+0	0.000E+0	0.000E+0	1.000E+0	0.000E+0	1.000E+0	0.000E+0	1.000E+0	0.000E+0	0.000E+0	1.000E+0	4.000E+0	3.400E+1	1.250E+2	6.000E+2	2.282E+3	7.829E+3	1.830E+4	3.116E+4	3.939E+4	3.899E+4	2.973E+4	1.784E+4	8.905E+3	3.531E+3	1.039E+3	2.490E+2	4.200E+1	1.400E+1	3.000E+0	1.000E+0	0.000E+0	0.000E+0	0.000E+0	0.000E+0	1.000E+0	1.000E+0	0.000E+0	0.000E+0	0.000E+0	0.000E+0	0.000E+0	0.000E+0	0.000E+0	1.000E+0	0.000E+0	0.000E+0	0.000E+0	0.000E+0	0.000E+0	0.000E+0	1.000E+0	0.000E+0	0.000E+0	0.000E+0	0.000E+0	0.000E+0	0.000E+0	0.000E+0	1.000E+0
0.000E+0	0.000E+0	0.000E+0	1.000E+0	0.000E+0	0.000E+0	0.000E+0	0.000E+0	0.000E+0	0.000E+0	0.000E+0	0.000E+0	0.000E+0	0.000E+0	0.000E+0	0.000E+0	0.000E+0	0.000E+0	1.000E+0	0.000E+0	1.000E+0	0.000E+0	1.000E+0	0.000E+0	1.100E+1	2.000E+1	1.300E+1	1.200E+1	2.900E+1	2.100E+1	2.100E+1	2.100E+1	2.200E+1	3.200E+1	1.500E+1	2.700E+1	2.300E+1	2.500E+1	1.800E+1	2.500E+1	3.500E+1	3.000E+1	4.900E+1	4.500E+1	4.100E+1	3.100E+1	2.300E+1	2.600E+1	2.200E+1	2.100E+1	2.200E+1	2.600E+1	2.800E+1	2.500E+1	3.200E+1	2.700E+1	4.700E+1	5.500E+1	1.100E+1	1.200E+1	1.300E+1	1.900E+1	1.500E+1	2.300E+1	2.100E+1	1.000E+0	0.000E+0	0.000E+0	0.000E+0	0.000E+0	0.000E+0	0.000E+0	0.000E+0	1.000E+0	0.000E+0	0.000E+0	0.000E+0	2.000E+0	1.000E+0	6.000E+0	2.800E+1	1.680E+2	7.890E+2	2.630E+3	7.905E+3	1.874E+4	3.185E+4	3.925E+4	3.888E+4	3.035E+4	1.872E+4	8.786E+3	3.355E+3	9.990E+2	2.630E+2	5.900E+1	1.100E+1	3.000E+0	2.000E+0	0.000E+0	0.000E+0	1.000E+0	0.000E+0	0.000E+0	0.000E+0	0.000E+0	0.000E+0	0.000E+0	1.000E+0	0.000E+0	0.000E+0	0.000E+0	0.000E+0	0.000E+0	0.000E+0	2.000E+0	0.000E+0	0.000E+0	0.000E+0	0.000E+0	0.000E+0	0.000E+0	0.000E+0	0.000E+0	0.000E+0	0.000E+0	0.000E+0	0.000E+0
0.000E+0	1.000E+0	0.000E+0	1.000E+0	0.000E+0	0.000E+0	0.000E+0	2.000E+0	0.000E+0	0.000E+0	0.000E+0	0.000E+0	0.000E+0	0.000E+0	0.000E+0	0.000E+0	0.000E+0	0.000E+0	1.000E+0	0.000E+0	0.000E+0	0.000E+0	0.000E+0	3.000E+0	1.100E+1	1.500E+1	2.300E+1	1.800E+1	1.900E+1	2.300E+1	2.500E+1	2.000E+1	2.700E+1	3.000E+1	2.400E+1	3.000E+1	1.400E+1	2.400E+1	2.300E+1	1.700E+1	1.800E+1	3.200E+1	3.900E+1	4.400E+1	4.100E+1	2.600E+1	2.000E+1	2.500E+1	2.400E+1	2.500E+1	2.400E+1	3.200E+1	2.200E+1	2.300E+1	3.000E+1	2.700E+1	5.400E+1	5.700E+1	1.200E+1	1.300E+1	1.600E+1	1.200E+1	1.800E+1	2.000E+1	2.800E+1	1.000E+0	0.000E+0	1.000E+0	1.000E+0	0.000E+0	1.000E+0	0.000E+0	0.000E+0	0.000E+0	1.000E+0	0.000E+0	1.000E+0	2.000E+0	3.000E+0	5.000E+0	5.300E+1	2.010E+2	8.290E+2	2.905E+3	8.780E+3	1.862E+4	2.970E+4	3.803E+4	3.760E+4	2.940E+4	1.853E+4	9.415E+3	3.792E+3	1.113E+3	2.550E+2	5.500E+1	2.600E+1	2.000E+0	2.000E+0	0.000E+0	0.000E+0	1.000E+0	0.000E+0	0.000E+0	0.000E+0	0.000E+0	0.000E+0	0.000E+0	0.000E+0	1.000E+0	0.000E+0	0.000E+0	0.000E+0	0.000E+0	0.000E+0	0.000E+0	0.000E+0	0.000E+0	0.000E+0	0.000E+0	0.000E+0	0.000E+0	0.000E+0	0.000E+0	0.000E+0	0.000E+0	0.000E+0	0.000E+0
0.000E+0	0.000E+0	0.000E+0	0.000E+0	0.000E+0	0.000E+0	1.000E+0	0.000E+0	1.000E+0	0.000E+0	0.000E+0	0.000E+0	0.000E+0	0.000E+0	1.000E+0	0.000E+0	0.000E+0	0.000E+0	0.000E+0	2.000E+0	1.000E+0	1.000E+0	0.000E+0	1.000E+0	5.000E+0	2.200E+1	2.000E+1	1.500E+1	2.100E+1	1.700E+1	2.500E+1	2.000E+1	2.500E+1	2.800E+1	1.800E+1	2.200E+1	2.400E+1	2.200E+1	2.000E+1	1.900E+1	3.000E+1	3.500E+1	3.900E+1	3.900E+1	3.900E+1	2.700E+1	2.300E+1	3.500E+1	3.000E+1	2.600E+1	2.400E+1	3.900E+1	1.300E+1	3.000E+1	2.400E+1	3.000E+1	4.300E+1	4.800E+1	2.000E+1	1.300E+1	1.400E+1	2.000E+1	1.400E+1	2.700E+1	2.100E+1	2.000E+0	0.000E+0	0.000E+0	0.000E+0	0.000E+0	1.000E+0	0.000E+0	0.000E+0	0.000E+0	0.000E+0	0.000E+0	1.000E+0	1.000E+0	1.000E+0	8.000E+0	2.100E+1	1.260E+2	5.300E+2	1.920E+3	6.803E+3	1.810E+4	3.175E+4	3.995E+4	3.934E+4	3.105E+4	1.887E+4	8.734E+3	3.379E+3	1.062E+3	2.560E+2	6.300E+1	1.300E+1	3.000E+0	1.000E+0	0.000E+0	0.000E+0	0.000E+0	0.000E+0	0.000E+0	0.000E+0	1.000E+0	0.000E+0	0.000E+0	0.000E+0	0.000E+0	0.000E+0	1.000E+0	0.000E+0	0.000E+0	0.000E+0	1.000E+0	0.000E+0	0.000E+0	0.000E+0	0.000E+0	0.000E+0	1.000E+0	0.000E+0	0.000E+0	0.000E+0	0.000E+0	0.000E+0	0.000E+0
0.000E+0	1.000E+0	0.000E+0	0.000E+0	0.000E+0	0.000E+0	0.000E+0	0.000E+0	0.000E+0	0.000E+0	0.000E+0	0.000E+0	0.000E+0	0.000E+0	0.000E+0	1.000E+0	0.000E+0	0.000E+0	0.000E+0	0.000E+0	1.000E+0	0.000E+0	0.000E+0	1.000E+0	1.100E+1	2.800E+1	2.700E+1	1.700E+1	1.600E+1	2.700E+1	2.400E+1	1.900E+1	2.700E+1	2.000E+1	1.600E+1	2.200E+1	2.200E+1	2.000E+1	2.200E+1	2.600E+1	3.600E+1	2.500E+1	3.800E+1	4.300E+1	3.500E+1	3.200E+1	2.900E+1	1.900E+1	2.400E+1	2.300E+1	2.300E+1	1.800E+1	2.600E+1	2.200E+1	3.100E+1	2.900E+1	4.100E+1	4.600E+1	1.200E+1	9.000E+0	2.300E+1	1.400E+1	1.200E+1	2.200E+1	2.500E+1	1.000E+0	0.000E+0	0.000E+0	0.000E+0	0.000E+0	0.000E+0	1.000E+0	0.000E+0	0.000E+0	0.000E+0	0.000E+0	0.000E+0	0.000E+0	1.000E+0	6.000E+0	2.800E+1	1.230E+2	5.470E+2	2.324E+3	7.724E+3	1.820E+4	3.104E+4	3.950E+4	3.902E+4	3.021E+4	1.900E+4	9.204E+3	3.575E+3	1.147E+3	3.120E+2	6.600E+1	1.600E+1	4.000E+0	2.000E+0	0.000E+0	0.000E+0	0.000E+0	1.000E+0	0.000E+0	0.000E+0	0.000E+0	0.000E+0	0.000E+0	0.000E+0	0.000E+0	0.000E+0	0.000E+0	0.000E+0	0.000E+0	0.000E+0	1.000E+0	0.000E+0	0.000E+0	0.000E+0	0.000E+0	0.000E+0	0.000E+0	0.000E+0	0.000E+0	0.000E+0	0.000E+0	0.000E+0	0.000E+0
0.000E+0	0.000E+0	0.000E+0	0.000E+0	0.000E+0	0.000E+0	0.000E+0	0.000E+0	0.000E+0	0.000E+0	0.000E+0	0.000E+0	0.000E+0	1.000E+0	0.000E+0	1.000E+0	1.000E+0	0.000E+0	1.000E+0	1.000E+0	0.000E+0	0.000E+0	0.000E+0	3.000E+0	6.000E+0	1.700E+1	1.700E+1	1.900E+1	9.000E+0	2.400E+1	3.400E+1	2.700E+1	1.600E+1	1.800E+1	2.400E+1	2.100E+1	2.600E+1	1.500E+1	2.700E+1	3.400E+1	2.500E+1	3.300E+1	4.600E+1	5.300E+1	5.200E+1	3.500E+1	3.000E+1	2.400E+1	2.500E+1	1.700E+1	3.400E+1	2.000E+1	2.200E+1	3.300E+1	2.900E+1	2.700E+1	4.200E+1	6.400E+1	1.900E+1	1.000E+1	2.200E+1	2.100E+1	1.700E+1	1.600E+1	2.400E+1	0.000E+0	0.000E+0	0.000E+0	0.000E+0	0.000E+0	0.000E+0	0.000E+0	0.000E+0	2.000E+0	0.000E+0	0.000E+0	0.000E+0	0.000E+0	1.000E+0	2.000E+0	1.900E+1	1.300E+2	4.620E+2	1.919E+3	6.916E+3	1.809E+4	3.168E+4	4.050E+4	3.997E+4	3.083E+4	1.837E+4	8.355E+3	3.001E+3	9.350E+2	2.340E+2	6.200E+1	1.000E+1	4.000E+0	1.000E+0	0.000E+0	0.000E+0	0.000E+0	0.000E+0	0.000E+0	0.000E+0	0.000E+0	0.000E+0	0.000E+0	0.000E+0	2.000E+0	1.000E+0	0.000E+0	0.000E+0	0.000E+0	0.000E+0	0.000E+0	0.000E+0	0.000E+0	0.000E+0	1.000E+0	1.000E+0	0.000E+0	0.000E+0	0.000E+0	0.000E+0	0.000E+0	0.000E+0	0.000E+0
0.000E+0	0.000E+0	0.000E+0	0.000E+0	1.000E+0	0.000E+0	1.000E+0	0.000E+0	0.000E+0	0.000E+0	0.000E+0	0.000E+0	0.000E+0	0.000E+0	0.000E+0	0.000E+0	0.000E+0	0.000E+0	1.000E+0	0.000E+0	1.000E+0	0.000E+0	0.000E+0	2.000E+0	7.000E+0	1.400E+1	8.000E+0	2.700E+1	1.700E+1	1.700E+1	2.200E+1	2.000E+1	2.200E+1	2.400E+1	2.400E+1	1.800E+1	1.900E+1	2.200E+1	3.200E+1	3.100E+1	2.300E+1	3.200E+1	4.300E+1	4.500E+1	5.200E+1	3.800E+1	2.700E+1	2.300E+1	2.000E+1	1.900E+1	3.200E+1	2.600E+1	1.600E+1	2.600E+1	3.400E+1	3.300E+1	2.500E+1	5.100E+1	1.900E+1	1.700E+1	1.300E+1	1.400E+1	1.500E+1	1.600E+1	1.700E+1	0.000E+0	0.000E+0	0.000E+0	0.000E+0	0.000E+0	0.000E+0	0.000E+0	0.000E+0	0.000E+0	0.000E+0	1.000E+0	1.000E+0	0.000E+0	1.000E+0	4.000E+0	2.300E+1	1.020E+2	5.020E+2	2.119E+3	7.296E+3	1.796E+4	3.125E+4	4.082E+4	3.964E+4	3.076E+4	1.869E+4	9.236E+3	3.470E+3	9.470E+2	2.430E+2	5.800E+1	1.800E+1	6.000E+0	0.000E+0	1.000E+0	0.000E+0	0.000E+0	1.000E+0	0.000E+0	0.000E+0	2.000E+0	0.000E+0	0.000E+0	0.000E+0	0.000E+0	0.000E+0	1.000E+0	0.000E+0	0.000E+0	0.000E+0	0.000E+0	0.000E+0	0.000E+0	0.000E+0	0.000E+0	0.000E+0	0.000E+0	1.000E+0	0.000E+0	0.000E+0	0.000E+0	0.000E+0	0.000E+0
0.000E+0	1.000E+0	0.000E+0	0.000E+0	0.000E+0	2.000E+0	1.000E+0	0.000E+0	0.000E+0	0.000E+0	1.000E+0	1.000E+0	1.000E+0	0.000E+0	1.000E+0	0.000E+0	0.000E+0	0.000E+0	1.000E+0	0.000E+0	0.000E+0	0.000E+0	0.000E+0	0.000E+0	5.000E+0	1.600E+1	2.300E+1	2.300E+1	1.100E+1	2.200E+1	2.600E+1	2.600E+1	2.600E+1	1.800E+1	1.500E+1	1.400E+1	1.400E+1	2.200E+1	2.700E+1	2.700E+1	2.600E+1	3.800E+1	3.900E+1	4.900E+1	3.500E+1	3.700E+1	2.300E+1	2.500E+1	2.600E+1	2.900E+1	1.600E+1	2.300E+1	1.600E+1	4.100E+1	4.600E+1	4.500E+1	3.500E+1	5.800E+1	1.300E+1	1.900E+1	1.000E+1	1.800E+1	2.200E+1	1.900E+1	2.100E+1	0.000E+0	1.000E+0	0.000E+0	0.000E+0	0.000E+0	0.000E+0	0.000E+0	0.000E+0	0.000E+0	1.000E+0	0.000E+0	1.000E+0	1.000E+0	3.000E+0	7.000E+0	2.600E+1	1.400E+2	5.280E+2	2.043E+3	6.922E+3	1.820E+4	3.195E+4	4.110E+4	4.015E+4	3.086E+4	1.860E+4	8.899E+3	3.547E+3	1.113E+3	2.650E+2	6.200E+1	1.100E+1	1.000E+0	2.000E+0	0.000E+0	0.000E+0	0.000E+0	0.000E+0	0.000E+0	0.000E+0	0.000E+0	0.000E+0	0.000E+0	0.000E+0	0.000E+0	0.000E+0	0.000E+0	0.000E+0	0.000E+0	1.000E+0	1.000E+0	0.000E+0	1.000E+0	0.000E+0	0.000E+0	0.000E+0	0.000E+0	0.000E+0	0.000E+0	0.000E+0	0.000E+0	0.000E+0	0.000E+0
0.000E+0	0.000E+0	0.000E+0	1.000E+0	0.000E+0	0.000E+0	0.000E+0	0.000E+0	0.000E+0	1.000E+0	0.000E+0	0.000E+0	0.000E+0	0.000E+0	0.000E+0	0.000E+0	0.000E+0	0.000E+0	0.000E+0	2.000E+0	0.000E+0	0.000E+0	0.000E+0	3.000E+0	4.000E+0	1.700E+1	2.300E+1	2.400E+1	2.900E+1	2.500E+1	2.500E+1	2.300E+1	1.800E+1	1.700E+1	1.700E+1	3.100E+1	2.200E+1	2.200E+1	1.900E+1	2.300E+1	2.800E+1	3.300E+1	4.000E+1	4.200E+1	5.200E+1	1.900E+1	2.300E+1	2.200E+1	2.200E+1	1.700E+1	2.900E+1	3.800E+1	3.400E+1	2.200E+1	3.000E+1	4.200E+1	3.900E+1	5.500E+1	9.000E+0	2.600E+1	2.000E+1	1.700E+1	1.500E+1	1.500E+1	2.100E+1	2.000E+0	0.000E+0	1.000E+0	0.000E+0	0.000E+0	0.000E+0	0.000E+0	1.000E+0	1.000E+0	0.000E+0	0.000E+0	0.000E+0	0.000E+0	0.000E+0	5.000E+0	3.700E+1	1.380E+2	6.080E+2	2.326E+3	7.406E+3	1.841E+4	3.186E+4	4.060E+4	3.956E+4	3.049E+4	1.874E+4	8.921E+3	3.321E+3	9.390E+2	2.350E+2	5.300E+1	1.900E+1	4.000E+0	2.000E+0	0.000E+0	0.000E+0	0.000E+0	0.000E+0	0.000E+0	3.000E+0	0.000E+0	1.000E+0	0.000E+0	0.000E+0	1.000E+0	0.000E+0	0.000E+0	0.000E+0	0.000E+0	0.000E+0	0.000E+0	0.000E+0	0.000E+0	0.000E+0	0.000E+0	0.000E+0	0.000E+0	0.000E+0	1.000E+0	0.000E+0	0.000E+0	0.000E+0	0.000E+0
