# data file: O:\Labs\Laser-Lab 7-105a\BLS\BLS Data\2017-06-01\NRCL\2017-06-01_M2_const3GHz_0dBm_kepco_-0p15to0p15_both_pos_F3.tha
# data: TFPDAS4-Project - COUNTS ACC
# x axis: Kepco_XPS - Control Voltage Kepco
# y axis: Frequency
# x offset/multiplier: -1.500000E-1 / 5.000000E-3
# y offset/multiplier: -6.600000E+0 / 7.500000E-2
# Agilent_E8257D - FREQUENCY (Hz) - repetition: sum
# Kepco_XPS - Control Voltage Kepco - repetition: sum
# MICROSCOPE - ScanDimension_1 - repetition: sum
# Agilent_E8257D - FREQUENCY (Hz) - value: 3.000000E+9
# Kepco_XPS - Control Voltage Kepco - value: -1.500000E-1
# MICROSCOPE - ScanDimension_1 - value: 2.000000E+0
# Frequency between: -6.600000E+0 and 2.925000E+0 GHz
0.000E+0	0.000E+0	2.000E+0	0.000E+0	0.000E+0	0.000E+0	0.000E+0	0.000E+0	0.000E+0	0.000E+0	0.000E+0	0.000E+0	0.000E+0	0.000E+0	0.000E+0	0.000E+0	0.000E+0	0.000E+0	0.000E+0	0.000E+0	0.000E+0	1.000E+0	0.000E+0	0.000E+0	9.000E+0	1.800E+1	2.200E+1	1.300E+1	2.300E+1	1.900E+1	2.900E+1	2.100E+1	1.900E+1	2.400E+1	1.800E+1	2.100E+1	1.700E+1	3.600E+1	2.800E+1	3.500E+1	4.700E+1	7.000E+1	4.900E+1	3.900E+1	3.400E+1	2.900E+1	4.300E+1	4.200E+1	2.700E+1	5.600E+1	3.700E+1	3.600E+1	2.300E+1	1.800E+1	2.800E+1	4.200E+1	4.700E+1	4.600E+1	1.100E+1	1.600E+1	1.000E+1	1.700E+1	2.200E+1	1.800E+1	1.500E+1	1.000E+0	0.000E+0	0.000E+0	1.000E+0	0.000E+0	1.000E+0	0.000E+0	0.000E+0	0.000E+0	0.000E+0	2.000E+0	0.000E+0	0.000E+0	0.000E+0	7.000E+0	2.700E+1	1.470E+2	6.510E+2	2.305E+3	8.082E+3	1.921E+4	3.210E+4	4.035E+4	4.014E+4	3.106E+4	1.966E+4	9.782E+3	3.836E+3	1.110E+3	2.460E+2	4.700E+1	9.000E+0	3.000E+0	0.000E+0	1.000E+0	1.000E+0	0.000E+0	0.000E+0	0.000E+0	0.000E+0	0.000E+0	1.000E+0	0.000E+0	0.000E+0	0.000E+0	0.000E+0	0.000E+0	0.000E+0	0.000E+0	0.000E+0	0.000E+0	1.000E+0	0.000E+0	1.000E+0	0.000E+0	0.000E+0	1.000E+0	0.000E+0	0.000E+0	1.000E+0	0.000E+0	0.000E+0	0.000E+0
0.000E+0	0.000E+0	0.000E+0	0.000E+0	1.000E+0	0.000E+0	1.000E+0	0.000E+0	0.000E+0	0.000E+0	0.000E+0	0.000E+0	1.000E+0	0.000E+0	1.000E+0	0.000E+0	0.000E+0	0.000E+0	0.000E+0	0.000E+0	1.000E+0	0.000E+0	1.000E+0	1.000E+0	1.000E+1	2.300E+1	1.400E+1	2.300E+1	2.000E+1	3.100E+1	2.400E+1	2.600E+1	2.300E+1	2.400E+1	2.000E+1	2.600E+1	2.100E+1	2.600E+1	2.100E+1	3.900E+1	5.400E+1	5.300E+1	5.600E+1	3.900E+1	3.800E+1	4.800E+1	4.600E+1	2.400E+1	4.200E+1	4.000E+1	2.900E+1	3.500E+1	3.600E+1	2.900E+1	2.400E+1	3.600E+1	4.300E+1	4.800E+1	1.100E+1	1.200E+1	1.000E+1	2.100E+1	1.500E+1	2.300E+1	1.900E+1	3.000E+0	0.000E+0	0.000E+0	0.000E+0	0.000E+0	1.000E+0	1.000E+0	0.000E+0	0.000E+0	0.000E+0	0.000E+0	0.000E+0	0.000E+0	1.000E+0	8.000E+0	3.400E+1	1.780E+2	5.400E+2	2.218E+3	7.755E+3	1.941E+4	3.205E+4	4.055E+4	3.993E+4	3.098E+4	1.917E+4	9.618E+3	3.790E+3	1.255E+3	3.000E+2	7.900E+1	1.700E+1	1.000E+1	2.000E+0	0.000E+0	0.000E+0	0.000E+0	0.000E+0	0.000E+0	0.000E+0	1.000E+0	1.000E+0	0.000E+0	0.000E+0	0.000E+0	0.000E+0	0.000E+0	0.000E+0	0.000E+0	1.000E+0	0.000E+0	0.000E+0	0.000E+0	0.000E+0	0.000E+0	0.000E+0	0.000E+0	0.000E+0	0.000E+0	0.000E+0	0.000E+0	0.000E+0	0.000E+0
0.000E+0	0.000E+0	0.000E+0	0.000E+0	2.000E+0	0.000E+0	0.000E+0	0.000E+0	0.000E+0	0.000E+0	0.000E+0	0.000E+0	1.000E+0	0.000E+0	0.000E+0	0.000E+0	0.000E+0	0.000E+0	0.000E+0	0.000E+0	0.000E+0	0.000E+0	0.000E+0	2.000E+0	5.000E+0	2.100E+1	2.000E+1	1.800E+1	2.000E+1	2.500E+1	1.700E+1	2.800E+1	2.500E+1	2.900E+1	2.600E+1	2.200E+1	1.700E+1	2.000E+1	3.100E+1	4.300E+1	5.300E+1	5.900E+1	6.500E+1	4.600E+1	4.000E+1	4.700E+1	3.400E+1	4.500E+1	3.900E+1	3.500E+1	3.900E+1	3.300E+1	3.900E+1	3.100E+1	3.600E+1	4.200E+1	4.200E+1	4.800E+1	1.500E+1	1.700E+1	1.400E+1	1.200E+1	1.400E+1	1.900E+1	1.800E+1	0.000E+0	0.000E+0	0.000E+0	0.000E+0	0.000E+0	0.000E+0	0.000E+0	0.000E+0	0.000E+0	0.000E+0	0.000E+0	0.000E+0	1.000E+0	2.000E+0	1.500E+1	3.300E+1	1.550E+2	6.210E+2	2.188E+3	7.445E+3	1.904E+4	3.277E+4	4.080E+4	4.056E+4	3.177E+4	1.894E+4	8.922E+3	3.496E+3	1.122E+3	3.450E+2	9.300E+1	1.900E+1	5.000E+0	5.000E+0	1.000E+0	0.000E+0	0.000E+0	0.000E+0	0.000E+0	0.000E+0	0.000E+0	0.000E+0	0.000E+0	0.000E+0	0.000E+0	0.000E+0	0.000E+0	0.000E+0	0.000E+0	0.000E+0	0.000E+0	0.000E+0	1.000E+0	0.000E+0	0.000E+0	0.000E+0	0.000E+0	1.000E+0	0.000E+0	0.000E+0	0.000E+0	2.000E+0	0.000E+0
0.000E+0	0.000E+0	0.000E+0	0.000E+0	0.000E+0	0.000E+0	0.000E+0	0.000E+0	0.000E+0	1.000E+0	0.000E+0	0.000E+0	0.000E+0	0.000E+0	0.000E+0	1.000E+0	0.000E+0	0.000E+0	0.000E+0	0.000E+0	0.000E+0	2.000E+0	0.000E+0	0.000E+0	1.000E+1	1.900E+1	1.800E+1	1.700E+1	1.900E+1	1.700E+1	1.600E+1	2.400E+1	2.400E+1	2.000E+1	2.600E+1	3.100E+1	1.800E+1	2.800E+1	2.400E+1	4.000E+1	4.200E+1	5.100E+1	5.700E+1	3.700E+1	2.600E+1	3.200E+1	3.100E+1	4.500E+1	2.900E+1	3.800E+1	3.900E+1	2.900E+1	3.900E+1	3.800E+1	4.000E+1	3.600E+1	4.200E+1	5.200E+1	2.400E+1	9.000E+0	2.000E+1	1.800E+1	2.300E+1	2.500E+1	2.600E+1	0.000E+0	0.000E+0	0.000E+0	0.000E+0	0.000E+0	0.000E+0	0.000E+0	0.000E+0	0.000E+0	1.000E+0	0.000E+0	0.000E+0	0.000E+0	3.000E+0	5.000E+0	4.600E+1	1.510E+2	5.870E+2	2.575E+3	7.996E+3	1.864E+4	3.108E+4	3.955E+4	3.928E+4	3.069E+4	1.948E+4	9.350E+3	3.739E+3	1.255E+3	3.170E+2	7.400E+1	2.500E+1	6.000E+0	0.000E+0	2.000E+0	1.000E+0	1.000E+0	0.000E+0	0.000E+0	1.000E+0	0.000E+0	0.000E+0	1.000E+0	0.000E+0	1.000E+0	0.000E+0	0.000E+0	1.000E+0	0.000E+0	0.000E+0	0.000E+0	0.000E+0	0.000E+0	0.000E+0	1.000E+0	0.000E+0	0.000E+0	0.000E+0	0.000E+0	1.000E+0	0.000E+0	0.000E+0	0.000E+0
0.000E+0	1.000E+0	0.000E+0	1.000E+0	0.000E+0	0.000E+0	0.000E+0	1.000E+0	0.000E+0	0.000E+0	0.000E+0	0.000E+0	0.000E+0	1.000E+0	0.000E+0	0.000E+0	0.000E+0	0.000E+0	0.000E+0	0.000E+0	0.000E+0	1.000E+0	0.000E+0	0.000E+0	3.000E+0	1.100E+1	2.300E+1	2.300E+1	1.500E+1	2.400E+1	2.100E+1	1.800E+1	2.000E+1	1.800E+1	2.300E+1	1.400E+1	2.500E+1	1.400E+1	3.100E+1	4.100E+1	4.800E+1	4.200E+1	5.100E+1	3.800E+1	3.000E+1	3.700E+1	3.100E+1	4.300E+1	4.100E+1	3.800E+1	3.200E+1	2.700E+1	3.300E+1	5.500E+1	5.400E+1	6.700E+1	4.900E+1	4.400E+1	1.400E+1	1.400E+1	9.000E+0	1.600E+1	2.900E+1	1.700E+1	2.200E+1	2.000E+0	0.000E+0	0.000E+0	0.000E+0	0.000E+0	0.000E+0	0.000E+0	0.000E+0	0.000E+0	0.000E+0	0.000E+0	0.000E+0	1.000E+0	1.000E+0	9.000E+0	3.600E+1	1.330E+2	5.920E+2	2.385E+3	8.043E+3	1.916E+4	3.237E+4	4.057E+4	4.004E+4	3.100E+4	1.930E+4	9.737E+3	3.998E+3	1.173E+3	2.720E+2	6.400E+1	1.600E+1	2.000E+0	0.000E+0	0.000E+0	1.000E+0	0.000E+0	1.000E+0	0.000E+0	0.000E+0	0.000E+0	0.000E+0	0.000E+0	0.000E+0	0.000E+0	0.000E+0	0.000E+0	1.000E+0	0.000E+0	0.000E+0	1.000E+0	0.000E+0	1.000E+0	0.000E+0	1.000E+0	1.000E+0	0.000E+0	0.000E+0	0.000E+0	0.000E+0	0.000E+0	0.000E+0	0.000E+0
0.000E+0	0.000E+0	0.000E+0	1.000E+0	0.000E+0	0.000E+0	0.000E+0	0.000E+0	0.000E+0	0.000E+0	0.000E+0	0.000E+0	0.000E+0	0.000E+0	0.000E+0	0.000E+0	0.000E+0	0.000E+0	0.000E+0	0.000E+0	0.000E+0	0.000E+0	1.000E+0	1.000E+0	1.300E+1	2.500E+1	1.000E+1	2.600E+1	2.600E+1	1.800E+1	3.000E+1	2.400E+1	2.300E+1	2.300E+1	1.900E+1	1.900E+1	2.700E+1	1.600E+1	3.200E+1	2.800E+1	4.200E+1	5.300E+1	5.500E+1	3.400E+1	2.500E+1	2.500E+1	2.800E+1	2.900E+1	2.900E+1	3.000E+1	2.800E+1	3.200E+1	4.000E+1	4.700E+1	3.400E+1	4.700E+1	5.000E+1	6.000E+1	1.400E+1	1.900E+1	2.500E+1	2.000E+1	1.900E+1	2.100E+1	2.000E+1	2.000E+0	0.000E+0	1.000E+0	0.000E+0	0.000E+0	0.000E+0	0.000E+0	0.000E+0	0.000E+0	0.000E+0	0.000E+0	0.000E+0	0.000E+0	0.000E+0	8.000E+0	3.700E+1	1.400E+2	5.980E+2	2.347E+3	7.944E+3	1.887E+4	3.222E+4	4.012E+4	4.001E+4	3.082E+4	1.923E+4	9.197E+3	3.660E+3	1.169E+3	2.800E+2	6.900E+1	1.800E+1	2.000E+0	0.000E+0	0.000E+0	2.000E+0	2.000E+0	0.000E+0	0.000E+0	1.000E+0	0.000E+0	0.000E+0	0.000E+0	0.000E+0	0.000E+0	0.000E+0	0.000E+0	0.000E+0	0.000E+0	0.000E+0	1.000E+0	0.000E+0	1.000E+0	0.000E+0	0.000E+0	0.000E+0	0.000E+0	0.000E+0	1.000E+0	0.000E+0	0.000E+0	0.000E+0	0.000E+0
0.000E+0	0.000E+0	1.000E+0	0.000E+0	0.000E+0	0.000E+0	1.000E+0	1.000E+0	0.000E+0	0.000E+0	0.000E+0	0.000E+0	0.000E+0	1.000E+0	0.000E+0	1.000E+0	0.000E+0	0.000E+0	0.000E+0	1.000E+0	0.000E+0	1.000E+0	0.000E+0	0.000E+0	1.300E+1	1.700E+1	1.600E+1	1.000E+1	1.600E+1	2.200E+1	2.100E+1	3.400E+1	2.200E+1	1.600E+1	2.100E+1	1.800E+1	2.200E+1	2.500E+1	1.800E+1	4.300E+1	3.500E+1	5.200E+1	4.300E+1	3.300E+1	3.300E+1	2.600E+1	1.900E+1	2.700E+1	3.300E+1	3.000E+1	3.600E+1	3.100E+1	4.900E+1	4.300E+1	4.700E+1	5.400E+1	5.900E+1	7.000E+1	1.300E+1	1.900E+1	1.000E+1	1.800E+1	2.000E+1	2.700E+1	2.300E+1	0.000E+0	0.000E+0	0.000E+0	0.000E+0	0.000E+0	0.000E+0	0.000E+0	0.000E+0	0.000E+0	0.000E+0	0.000E+0	1.000E+0	1.000E+0	2.000E+0	5.000E+0	3.100E+1	1.040E+2	5.280E+2	1.999E+3	7.457E+3	1.955E+4	3.349E+4	4.147E+4	4.117E+4	3.184E+4	1.956E+4	9.153E+3	3.480E+3	1.132E+3	2.960E+2	4.900E+1	1.100E+1	3.000E+0	2.000E+0	0.000E+0	0.000E+0	0.000E+0	0.000E+0	1.000E+0	0.000E+0	0.000E+0	0.000E+0	0.000E+0	0.000E+0	0.000E+0	0.000E+0	0.000E+0	0.000E+0	0.000E+0	0.000E+0	0.000E+0	1.000E+0	0.000E+0	1.000E+0	0.000E+0	0.000E+0	0.000E+0	0.000E+0	0.000E+0	0.000E+0	0.000E+0	0.000E+0	0.000E+0
0.000E+0	0.000E+0	0.000E+0	1.000E+0	0.000E+0	0.000E+0	0.000E+0	0.000E+0	0.000E+0	1.000E+0	0.000E+0	0.000E+0	1.000E+0	0.000E+0	1.000E+0	0.000E+0	0.000E+0	0.000E+0	1.000E+0	0.000E+0	0.000E+0	0.000E+0	0.000E+0	2.000E+0	1.400E+1	2.600E+1	2.100E+1	1.900E+1	1.600E+1	2.600E+1	3.000E+1	2.900E+1	2.200E+1	2.400E+1	2.300E+1	2.500E+1	2.400E+1	1.600E+1	2.400E+1	3.900E+1	5.100E+1	4.800E+1	4.600E+1	3.800E+1	2.600E+1	2.000E+1	4.100E+1	2.900E+1	2.600E+1	3.000E+1	3.000E+1	3.300E+1	3.600E+1	4.400E+1	2.800E+1	5.400E+1	5.100E+1	5.600E+1	1.600E+1	1.300E+1	1.700E+1	2.800E+1	1.800E+1	2.000E+1	1.900E+1	0.000E+0	0.000E+0	0.000E+0	0.000E+0	0.000E+0	0.000E+0	0.000E+0	0.000E+0	0.000E+0	0.000E+0	0.000E+0	1.000E+0	0.000E+0	0.000E+0	4.000E+0	2.100E+1	1.230E+2	6.660E+2	2.189E+3	6.987E+3	1.831E+4	3.226E+4	4.095E+4	3.953E+4	3.089E+4	1.922E+4	8.962E+3	3.277E+3	1.073E+3	2.460E+2	4.800E+1	1.300E+1	3.000E+0	0.000E+0	0.000E+0	1.000E+0	0.000E+0	0.000E+0	1.000E+0	0.000E+0	0.000E+0	0.000E+0	0.000E+0	1.000E+0	0.000E+0	0.000E+0	0.000E+0	1.000E+0	0.000E+0	1.000E+0	0.000E+0	0.000E+0	1.000E+0	1.000E+0	0.000E+0	0.000E+0	0.000E+0	0.000E+0	0.000E+0	0.000E+0	0.000E+0	0.000E+0	0.000E+0
0.000E+0	0.000E+0	0.000E+0	0.000E+0	0.000E+0	0.000E+0	0.000E+0	0.000E+0	0.000E+0	0.000E+0	0.000E+0	1.000E+0	0.000E+0	0.000E+0	0.000E+0	0.000E+0	0.000E+0	0.000E+0	1.000E+0	0.000E+0	0.000E+0	1.000E+0	0.000E+0	0.000E+0	1.000E+1	1.200E+1	1.800E+1	2.200E+1	1.900E+1	1.400E+1	2.700E+1	1.800E+1	2.500E+1	2.100E+1	2.100E+1	1.700E+1	2.500E+1	1.900E+1	3.700E+1	2.600E+1	4.500E+1	4.600E+1	3.900E+1	4.000E+1	2.200E+1	2.300E+1	2.700E+1	3.500E+1	3.500E+1	2.600E+1	1.800E+1	2.600E+1	2.900E+1	2.800E+1	4.300E+1	6.400E+1	6.600E+1	7.400E+1	1.100E+1	2.500E+1	2.000E+1	1.800E+1	2.800E+1	2.500E+1	2.800E+1	0.000E+0	0.000E+0	0.000E+0	0.000E+0	0.000E+0	0.000E+0	0.000E+0	0.000E+0	0.000E+0	0.000E+0	0.000E+0	0.000E+0	0.000E+0	2.000E+0	9.000E+0	2.300E+1	1.420E+2	6.200E+2	2.275E+3	7.645E+3	1.922E+4	3.246E+4	4.063E+4	3.935E+4	3.059E+4	1.890E+4	9.196E+3	3.593E+3	1.020E+3	2.370E+2	5.800E+1	1.200E+1	3.000E+0	2.000E+0	2.000E+0	0.000E+0	0.000E+0	0.000E+0	1.000E+0	1.000E+0	0.000E+0	0.000E+0	0.000E+0	1.000E+0	0.000E+0	0.000E+0	1.000E+0	0.000E+0	0.000E+0	0.000E+0	0.000E+0	0.000E+0	0.000E+0	0.000E+0	0.000E+0	0.000E+0	0.000E+0	1.000E+0	0.000E+0	0.000E+0	0.000E+0	0.000E+0	0.000E+0
0.000E+0	0.000E+0	0.000E+0	0.000E+0	0.000E+0	0.000E+0	0.000E+0	0.000E+0	0.000E+0	0.000E+0	0.000E+0	0.000E+0	1.000E+0	0.000E+0	0.000E+0	0.000E+0	0.000E+0	1.000E+0	0.000E+0	0.000E+0	0.000E+0	0.000E+0	0.000E+0	0.000E+0	7.000E+0	1.300E+1	1.100E+1	1.200E+1	2.400E+1	2.300E+1	1.700E+1	2.500E+1	2.900E+1	2.500E+1	2.000E+1	1.800E+1	2.500E+1	2.300E+1	2.400E+1	3.300E+1	3.200E+1	4.800E+1	4.200E+1	3.700E+1	3.200E+1	2.700E+1	2.700E+1	3.600E+1	2.700E+1	2.400E+1	2.800E+1	3.300E+1	2.400E+1	2.700E+1	3.600E+1	4.700E+1	6.000E+1	8.700E+1	1.600E+1	1.500E+1	1.900E+1	2.200E+1	2.600E+1	2.700E+1	3.100E+1	1.000E+0	0.000E+0	0.000E+0	0.000E+0	0.000E+0	0.000E+0	0.000E+0	2.000E+0	0.000E+0	0.000E+0	0.000E+0	0.000E+0	0.000E+0	1.000E+0	7.000E+0	3.800E+1	1.180E+2	6.080E+2	2.275E+3	7.381E+3	1.850E+4	3.185E+4	4.009E+4	3.985E+4	3.065E+4	1.885E+4	9.235E+3	3.429E+3	1.020E+3	2.570E+2	6.800E+1	1.200E+1	1.000E+0	1.000E+0	0.000E+0	0.000E+0	1.000E+0	0.000E+0	0.000E+0	0.000E+0	0.000E+0	0.000E+0	0.000E+0	0.000E+0	0.000E+0	0.000E+0	1.000E+0	0.000E+0	0.000E+0	0.000E+0	1.000E+0	0.000E+0	0.000E+0	0.000E+0	0.000E+0	0.000E+0	0.000E+0	0.000E+0	0.000E+0	0.000E+0	0.000E+0	0.000E+0	0.000E+0
0.000E+0	0.000E+0	0.000E+0	0.000E+0	1.000E+0	0.000E+0	0.000E+0	0.000E+0	1.000E+0	0.000E+0	0.000E+0	0.000E+0	0.000E+0	0.000E+0	0.000E+0	0.000E+0	0.000E+0	0.000E+0	0.000E+0	1.000E+0	0.000E+0	0.000E+0	0.000E+0	1.000E+0	5.000E+0	1.000E+1	1.800E+1	2.300E+1	1.700E+1	2.100E+1	2.900E+1	2.200E+1	2.000E+1	2.500E+1	2.000E+1	2.800E+1	2.200E+1	1.900E+1	1.800E+1	2.900E+1	5.300E+1	2.700E+1	2.700E+1	3.300E+1	2.600E+1	1.500E+1	3.400E+1	3.000E+1	2.800E+1	1.900E+1	3.000E+1	3.400E+1	2.700E+1	3.200E+1	3.500E+1	4.700E+1	6.000E+1	9.000E+1	1.800E+1	1.900E+1	2.300E+1	1.400E+1	2.900E+1	2.400E+1	2.500E+1	0.000E+0	0.000E+0	1.000E+0	0.000E+0	0.000E+0	0.000E+0	0.000E+0	0.000E+0	0.000E+0	0.000E+0	0.000E+0	0.000E+0	3.000E+0	0.000E+0	9.000E+0	2.000E+1	1.050E+2	5.390E+2	2.067E+3	7.177E+3	1.849E+4	3.146E+4	3.928E+4	3.917E+4	2.975E+4	1.802E+4	8.950E+3	3.448E+3	1.102E+3	2.410E+2	4.500E+1	1.100E+1	5.000E+0	0.000E+0	0.000E+0	0.000E+0	0.000E+0	0.000E+0	1.000E+0	0.000E+0	0.000E+0	0.000E+0	0.000E+0	0.000E+0	0.000E+0	0.000E+0	0.000E+0	0.000E+0	0.000E+0	0.000E+0	1.000E+0	0.000E+0	0.000E+0	0.000E+0	0.000E+0	0.000E+0	0.000E+0	0.000E+0	1.000E+0	0.000E+0	0.000E+0	0.000E+0	2.000E+0
0.000E+0	0.000E+0	0.000E+0	0.000E+0	1.000E+0	0.000E+0	0.000E+0	0.000E+0	0.000E+0	1.000E+0	0.000E+0	0.000E+0	0.000E+0	1.000E+0	0.000E+0	0.000E+0	0.000E+0	0.000E+0	0.000E+0	0.000E+0	0.000E+0	1.000E+0	0.000E+0	0.000E+0	1.300E+1	1.700E+1	3.300E+1	9.000E+0	1.900E+1	2.000E+1	1.600E+1	2.700E+1	1.600E+1	1.700E+1	1.900E+1	2.300E+1	1.200E+1	1.800E+1	3.100E+1	3.300E+1	4.100E+1	4.000E+1	3.200E+1	3.400E+1	2.200E+1	3.000E+1	2.800E+1	2.900E+1	2.900E+1	2.400E+1	3.200E+1	2.900E+1	2.200E+1	3.200E+1	3.100E+1	4.100E+1	5.600E+1	6.400E+1	2.000E+1	2.200E+1	2.900E+1	1.600E+1	2.400E+1	2.600E+1	2.100E+1	1.000E+0	0.000E+0	0.000E+0	0.000E+0	0.000E+0	0.000E+0	0.000E+0	0.000E+0	0.000E+0	0.000E+0	0.000E+0	0.000E+0	0.000E+0	0.000E+0	9.000E+0	4.200E+1	1.470E+2	6.370E+2	2.421E+3	7.621E+3	1.852E+4	3.111E+4	3.935E+4	3.921E+4	3.012E+4	1.835E+4	8.906E+3	3.528E+3	1.078E+3	2.430E+2	5.700E+1	1.600E+1	3.000E+0	0.000E+0	0.000E+0	0.000E+0	0.000E+0	0.000E+0	0.000E+0	0.000E+0	0.000E+0	0.000E+0	0.000E+0	0.000E+0	0.000E+0	0.000E+0	0.000E+0	0.000E+0	0.000E+0	0.000E+0	1.000E+0	0.000E+0	0.000E+0	0.000E+0	0.000E+0	1.000E+0	0.000E+0	0.000E+0	0.000E+0	0.000E+0	1.000E+0	0.000E+0	0.000E+0
0.000E+0	0.000E+0	0.000E+0	0.000E+0	1.000E+0	0.000E+0	0.000E+0	0.000E+0	0.000E+0	0.000E+0	0.000E+0	0.000E+0	0.000E+0	0.000E+0	0.000E+0	0.000E+0	1.000E+0	0.000E+0	1.000E+0	0.000E+0	1.000E+0	1.000E+0	0.000E+0	0.000E+0	1.000E+1	2.000E+1	1.900E+1	1.500E+1	1.600E+1	1.700E+1	2.000E+1	2.700E+1	2.600E+1	1.600E+1	2.600E+1	1.800E+1	2.100E+1	2.700E+1	1.700E+1	3.300E+1	4.400E+1	4.300E+1	3.200E+1	2.400E+1	2.900E+1	2.800E+1	1.800E+1	3.100E+1	3.200E+1	3.300E+1	1.700E+1	2.200E+1	2.900E+1	2.900E+1	3.300E+1	3.900E+1	5.500E+1	7.000E+1	2.400E+1	1.200E+1	2.400E+1	2.000E+1	1.700E+1	2.000E+1	2.000E+1	0.000E+0	1.000E+0	0.000E+0	0.000E+0	0.000E+0	0.000E+0	0.000E+0	0.000E+0	3.000E+0	0.000E+0	1.000E+0	0.000E+0	0.000E+0	2.000E+0	9.000E+0	1.800E+1	1.280E+2	6.430E+2	2.360E+3	7.087E+3	1.853E+4	3.177E+4	3.961E+4	3.836E+4	3.122E+4	1.942E+4	9.286E+3	3.463E+3	1.198E+3	3.720E+2	9.100E+1	2.400E+1	3.000E+0	2.000E+0	1.000E+0	1.000E+0	0.000E+0	0.000E+0	0.000E+0	0.000E+0	0.000E+0	0.000E+0	0.000E+0	0.000E+0	0.000E+0	0.000E+0	0.000E+0	0.000E+0	0.000E+0	1.000E+0	0.000E+0	1.000E+0	0.000E+0	0.000E+0	2.000E+0	1.000E+0	1.000E+0	0.000E+0	0.000E+0	0.000E+0	0.000E+0	2.000E+0	0.000E+0
1.000E+0	0.000E+0	0.000E+0	1.000E+0	0.000E+0	1.000E+0	0.000E+0	0.000E+0	1.000E+0	0.000E+0	0.000E+0	1.000E+0	1.000E+0	0.000E+0	0.000E+0	1.000E+0	0.000E+0	0.000E+0	0.000E+0	0.000E+0	0.000E+0	0.000E+0	0.000E+0	1.000E+0	6.000E+0	1.500E+1	2.600E+1	1.100E+1	2.600E+1	2.700E+1	1.700E+1	1.900E+1	2.400E+1	1.700E+1	2.300E+1	2.700E+1	2.000E+1	2.300E+1	2.100E+1	2.800E+1	3.000E+1	3.200E+1	3.100E+1	2.800E+1	2.300E+1	2.400E+1	1.400E+1	2.600E+1	2.000E+1	2.200E+1	3.200E+1	2.700E+1	2.500E+1	2.300E+1	2.500E+1	3.900E+1	5.000E+1	5.900E+1	2.000E+1	1.700E+1	2.500E+1	3.100E+1	2.300E+1	2.200E+1	3.200E+1	1.000E+0	0.000E+0	2.000E+0	1.000E+0	0.000E+0	0.000E+0	0.000E+0	1.000E+0	0.000E+0	0.000E+0	0.000E+0	0.000E+0	1.000E+0	2.000E+0	6.000E+0	2.600E+1	1.210E+2	4.870E+2	1.896E+3	7.076E+3	1.899E+4	3.273E+4	4.043E+4	4.019E+4	3.151E+4	1.849E+4	8.921E+3	3.512E+3	1.136E+3	2.810E+2	4.600E+1	1.000E+1	2.000E+0	2.000E+0	0.000E+0	1.000E+0	0.000E+0	0.000E+0	0.000E+0	0.000E+0	0.000E+0	0.000E+0	0.000E+0	0.000E+0	1.000E+0	0.000E+0	0.000E+0	0.000E+0	0.000E+0	0.000E+0	0.000E+0	0.000E+0	1.000E+0	0.000E+0	0.000E+0	0.000E+0	0.000E+0	0.000E+0	0.000E+0	0.000E+0	0.000E+0	0.000E+0	0.000E+0
0.000E+0	2.000E+0	0.000E+0	0.000E+0	0.000E+0	0.000E+0	0.000E+0	0.000E+0	0.000E+0	0.000E+0	0.000E+0	0.000E+0	0.000E+0	0.000E+0	0.000E+0	0.000E+0	0.000E+0	0.000E+0	0.000E+0	0.000E+0	0.000E+0	0.000E+0	0.000E+0	2.000E+0	1.500E+1	2.400E+1	2.200E+1	1.800E+1	1.700E+1	1.800E+1	2.300E+1	2.200E+1	2.000E+1	1.200E+1	2.300E+1	1.400E+1	1.800E+1	2.400E+1	2.700E+1	2.900E+1	3.500E+1	2.800E+1	3.300E+1	2.900E+1	2.200E+1	1.800E+1	1.600E+1	2.300E+1	2.100E+1	3.900E+1	1.500E+1	2.800E+1	2.800E+1	2.800E+1	4.500E+1	4.300E+1	4.500E+1	7.500E+1	1.800E+1	1.000E+1	1.200E+1	1.900E+1	1.600E+1	1.700E+1	2.100E+1	0.000E+0	0.000E+0	0.000E+0	0.000E+0	0.000E+0	0.000E+0	0.000E+0	0.000E+0	0.000E+0	0.000E+0	0.000E+0	0.000E+0	1.000E+0	4.000E+0	1.000E+1	3.100E+1	1.470E+2	5.860E+2	2.399E+3	7.724E+3	1.881E+4	3.217E+4	4.024E+4	3.925E+4	3.133E+4	1.911E+4	9.047E+3	3.651E+3	1.136E+3	2.960E+2	7.700E+1	1.900E+1	3.000E+0	0.000E+0	0.000E+0	0.000E+0	0.000E+0	0.000E+0	0.000E+0	0.000E+0	0.000E+0	0.000E+0	1.000E+0	0.000E+0	1.000E+0	0.000E+0	0.000E+0	0.000E+0	1.000E+0	0.000E+0	0.000E+0	0.000E+0	0.000E+0	0.000E+0	0.000E+0	0.000E+0	0.000E+0	0.000E+0	0.000E+0	0.000E+0	0.000E+0	0.000E+0	0.000E+0
0.000E+0	0.000E+0	0.000E+0	0.000E+0	0.000E+0	0.000E+0	0.000E+0	0.000E+0	0.000E+0	0.000E+0	0.000E+0	0.000E+0	0.000E+0	0.000E+0	0.000E+0	2.000E+0	0.000E+0	0.000E+0	0.000E+0	0.000E+0	0.000E+0	0.000E+0	1.000E+0	2.000E+0	8.000E+0	8.000E+0	2.300E+1	1.700E+1	2.500E+1	2.400E+1	2.900E+1	2.400E+1	1.700E+1	1.700E+1	2.000E+1	1.900E+1	2.200E+1	2.100E+1	2.300E+1	2.500E+1	2.700E+1	2.600E+1	2.100E+1	3.100E+1	2.300E+1	2.100E+1	2.600E+1	1.600E+1	2.600E+1	1.900E+1	1.600E+1	1.400E+1	1.500E+1	2.100E+1	2.600E+1	3.500E+1	5.100E+1	5.500E+1	1.400E+1	2.200E+1	1.800E+1	1.600E+1	2.400E+1	1.700E+1	2.900E+1	1.000E+0	0.000E+0	0.000E+0	1.000E+0	0.000E+0	1.000E+0	1.000E+0	0.000E+0	0.000E+0	0.000E+0	0.000E+0	0.000E+0	0.000E+0	2.000E+0	6.000E+0	3.300E+1	1.630E+2	7.250E+2	2.502E+3	7.759E+3	1.878E+4	3.125E+4	3.865E+4	3.810E+4	3.019E+4	1.854E+4	9.067E+3	3.827E+3	1.319E+3	3.140E+2	6.700E+1	2.200E+1	1.000E+0	3.000E+0	0.000E+0	1.000E+0	0.000E+0	1.000E+0	0.000E+0	1.000E+0	0.000E+0	0.000E+0	0.000E+0	0.000E+0	0.000E+0	0.000E+0	1.000E+0	2.000E+0	0.000E+0	0.000E+0	0.000E+0	0.000E+0	0.000E+0	0.000E+0	0.000E+0	1.000E+0	0.000E+0	0.000E+0	0.000E+0	0.000E+0	0.000E+0	1.000E+0	1.000E+0
1.000E+0	0.000E+0	0.000E+0	0.000E+0	0.000E+0	0.000E+0	0.000E+0	0.000E+0	0.000E+0	0.000E+0	0.000E+0	0.000E+0	0.000E+0	0.000E+0	1.000E+0	0.000E+0	0.000E+0	0.000E+0	0.000E+0	0.000E+0	1.000E+0	0.000E+0	0.000E+0	0.000E+0	8.000E+0	2.200E+1	1.300E+1	2.100E+1	2.000E+1	2.700E+1	2.500E+1	1.300E+1	2.000E+1	2.100E+1	1.700E+1	2.600E+1	2.200E+1	2.000E+1	2.400E+1	1.700E+1	3.000E+1	2.800E+1	2.900E+1	2.500E+1	1.800E+1	2.800E+1	2.100E+1	2.500E+1	2.600E+1	1.700E+1	2.300E+1	1.800E+1	1.200E+1	2.900E+1	2.300E+1	3.900E+1	3.600E+1	5.900E+1	1.600E+1	2.200E+1	2.200E+1	1.300E+1	1.500E+1	2.200E+1	2.700E+1	1.000E+0	2.000E+0	0.000E+0	0.000E+0	0.000E+0	0.000E+0	0.000E+0	0.000E+0	0.000E+0	0.000E+0	0.000E+0	0.000E+0	0.000E+0	5.000E+0	1.000E+1	3.600E+1	1.420E+2	5.780E+2	2.466E+3	8.005E+3	1.874E+4	3.208E+4	4.064E+4	4.045E+4	3.142E+4	1.915E+4	9.342E+3	3.538E+3	9.890E+2	2.600E+2	6.300E+1	1.300E+1	6.000E+0	0.000E+0	0.000E+0	0.000E+0	0.000E+0	0.000E+0	0.000E+0	0.000E+0	0.000E+0	0.000E+0	1.000E+0	0.000E+0	0.000E+0	0.000E+0	0.000E+0	1.000E+0	0.000E+0	1.000E+0	0.000E+0	0.000E+0	1.000E+0	0.000E+0	0.000E+0	0.000E+0	0.000E+0	1.000E+0	0.000E+0	0.000E+0	0.000E+0	0.000E+0	0.000E+0
0.000E+0	1.000E+0	0.000E+0	0.000E+0	0.000E+0	0.000E+0	0.000E+0	0.000E+0	0.000E+0	0.000E+0	0.000E+0	0.000E+0	0.000E+0	0.000E+0	0.000E+0	0.000E+0	0.000E+0	1.000E+0	1.000E+0	0.000E+0	0.000E+0	0.000E+0	0.000E+0	1.000E+0	1.400E+1	1.100E+1	1.500E+1	1.700E+1	2.000E+1	2.500E+1	3.000E+1	2.600E+1	2.000E+1	2.400E+1	1.800E+1	1.600E+1	1.900E+1	1.900E+1	1.900E+1	2.800E+1	3.500E+1	1.600E+1	2.100E+1	2.100E+1	2.400E+1	2.000E+1	1.900E+1	2.000E+1	2.000E+1	1.200E+1	2.200E+1	2.100E+1	2.200E+1	1.600E+1	2.600E+1	3.500E+1	3.800E+1	5.900E+1	1.400E+1	1.000E+1	1.400E+1	2.100E+1	1.800E+1	2.300E+1	2.500E+1	1.000E+0	0.000E+0	0.000E+0	1.000E+0	0.000E+0	0.000E+0	0.000E+0	0.000E+0	0.000E+0	0.000E+0	0.000E+0	0.000E+0	0.000E+0	1.000E+0	2.000E+0	2.800E+1	1.030E+2	4.970E+2	2.260E+3	7.491E+3	1.881E+4	3.222E+4	4.116E+4	4.010E+4	3.127E+4	1.964E+4	9.008E+3	3.169E+3	9.820E+2	2.790E+2	5.400E+1	1.300E+1	4.000E+0	2.000E+0	1.000E+0	1.000E+0	0.000E+0	2.000E+0	0.000E+0	0.000E+0	0.000E+0	0.000E+0	0.000E+0	0.000E+0	0.000E+0	1.000E+0	0.000E+0	0.000E+0	0.000E+0	0.000E+0	0.000E+0	0.000E+0	0.000E+0	0.000E+0	0.000E+0	0.000E+0	1.000E+0	0.000E+0	1.000E+0	0.000E+0	0.000E+0	0.000E+0	0.000E+0
0.000E+0	0.000E+0	0.000E+0	1.000E+0	0.000E+0	0.000E+0	0.000E+0	0.000E+0	1.000E+0	0.000E+0	0.000E+0	0.000E+0	0.000E+0	0.000E+0	0.000E+0	0.000E+0	0.000E+0	1.000E+0	0.000E+0	0.000E+0	0.000E+0	0.000E+0	0.000E+0	1.000E+0	1.300E+1	2.200E+1	2.400E+1	1.600E+1	2.200E+1	2.300E+1	2.300E+1	2.500E+1	2.300E+1	2.000E+1	1.700E+1	2.000E+1	1.200E+1	1.400E+1	2.200E+1	1.900E+1	2.700E+1	2.800E+1	1.800E+1	2.700E+1	2.100E+1	1.600E+1	2.500E+1	1.600E+1	1.700E+1	2.300E+1	2.200E+1	1.500E+1	1.800E+1	2.700E+1	2.600E+1	3.000E+1	4.200E+1	4.700E+1	1.500E+1	1.700E+1	1.400E+1	1.900E+1	1.600E+1	1.800E+1	1.800E+1	1.000E+0	1.000E+0	1.000E+0	0.000E+0	0.000E+0	0.000E+0	0.000E+0	0.000E+0	0.000E+0	0.000E+0	0.000E+0	0.000E+0	0.000E+0	3.000E+0	8.000E+0	3.000E+1	1.660E+2	6.210E+2	2.426E+3	8.112E+3	1.888E+4	3.174E+4	3.992E+4	3.951E+4	3.085E+4	1.958E+4	9.640E+3	3.963E+3	1.165E+3	2.640E+2	7.400E+1	1.900E+1	4.000E+0	1.000E+0	0.000E+0	1.000E+0	0.000E+0	1.000E+0	0.000E+0	0.000E+0	0.000E+0	0.000E+0	0.000E+0	0.000E+0	0.000E+0	0.000E+0	1.000E+0	0.000E+0	0.000E+0	0.000E+0	0.000E+0	0.000E+0	0.000E+0	0.000E+0	0.000E+0	0.000E+0	0.000E+0	0.000E+0	1.000E+0	0.000E+0	1.000E+0	0.000E+0	0.000E+0
0.000E+0	0.000E+0	0.000E+0	0.000E+0	0.000E+0	0.000E+0	0.000E+0	1.000E+0	0.000E+0	0.000E+0	0.000E+0	0.000E+0	0.000E+0	0.000E+0	0.000E+0	0.000E+0	0.000E+0	0.000E+0	0.000E+0	0.000E+0	0.000E+0	0.000E+0	0.000E+0	1.000E+0	1.000E+1	2.100E+1	1.500E+1	2.100E+1	2.600E+1	1.800E+1	1.800E+1	1.900E+1	3.200E+1	2.100E+1	2.200E+1	2.100E+1	2.300E+1	1.700E+1	1.800E+1	2.300E+1	2.800E+1	1.900E+1	2.300E+1	2.500E+1	1.800E+1	2.700E+1	2.500E+1	2.400E+1	2.600E+1	2.000E+1	2.100E+1	2.400E+1	3.100E+1	1.800E+1	1.900E+1	4.400E+1	3.500E+1	4.300E+1	1.500E+1	1.700E+1	1.400E+1	3.000E+1	2.600E+1	2.300E+1	2.200E+1	3.000E+0	0.000E+0	0.000E+0	0.000E+0	0.000E+0	0.000E+0	0.000E+0	0.000E+0	0.000E+0	0.000E+0	0.000E+0	1.000E+0	1.000E+0	1.000E+0	3.000E+0	3.800E+1	1.310E+2	6.050E+2	2.339E+3	7.824E+3	1.984E+4	3.265E+4	4.094E+4	4.067E+4	3.196E+4	1.934E+4	9.549E+3	3.599E+3	1.043E+3	2.440E+2	7.700E+1	1.800E+1	4.000E+0	2.000E+0	0.000E+0	0.000E+0	0.000E+0	0.000E+0	0.000E+0	0.000E+0	0.000E+0	0.000E+0	0.000E+0	0.000E+0	0.000E+0	0.000E+0	0.000E+0	0.000E+0	0.000E+0	0.000E+0	0.000E+0	1.000E+0	1.000E+0	0.000E+0	0.000E+0	0.000E+0	0.000E+0	1.000E+0	0.000E+0	1.000E+0	0.000E+0	0.000E+0	0.000E+0
0.000E+0	0.000E+0	0.000E+0	0.000E+0	0.000E+0	1.000E+0	0.000E+0	0.000E+0	0.000E+0	0.000E+0	1.000E+0	0.000E+0	0.000E+0	0.000E+0	0.000E+0	0.000E+0	0.000E+0	0.000E+0	0.000E+0	0.000E+0	0.000E+0	0.000E+0	0.000E+0	0.000E+0	3.000E+0	1.800E+1	2.000E+1	2.200E+1	1.700E+1	2.400E+1	2.500E+1	2.500E+1	2.500E+1	1.700E+1	1.200E+1	2.300E+1	2.000E+1	1.200E+1	2.300E+1	2.000E+1	2.200E+1	1.500E+1	1.800E+1	2.400E+1	2.400E+1	2.000E+1	2.500E+1	2.100E+1	1.200E+1	1.700E+1	2.500E+1	2.700E+1	2.400E+1	2.400E+1	2.400E+1	3.900E+1	5.500E+1	6.000E+1	1.600E+1	2.000E+1	2.900E+1	1.400E+1	1.600E+1	2.300E+1	2.200E+1	0.000E+0	0.000E+0	0.000E+0	0.000E+0	0.000E+0	1.000E+0	0.000E+0	0.000E+0	1.000E+0	1.000E+0	0.000E+0	0.000E+0	1.000E+0	1.000E+0	1.200E+1	2.400E+1	1.810E+2	8.640E+2	2.981E+3	8.135E+3	1.871E+4	3.181E+4	4.046E+4	3.977E+4	3.117E+4	2.024E+4	9.774E+3	3.353E+3	9.040E+2	2.180E+2	7.200E+1	1.000E+1	3.000E+0	1.000E+0	0.000E+0	0.000E+0	0.000E+0	0.000E+0	0.000E+0	0.000E+0	0.000E+0	0.000E+0	0.000E+0	0.000E+0	1.000E+0	0.000E+0	0.000E+0	0.000E+0	0.000E+0	0.000E+0	0.000E+0	0.000E+0	0.000E+0	0.000E+0	0.000E+0	0.000E+0	0.000E+0	0.000E+0	0.000E+0	0.000E+0	0.000E+0	0.000E+0	0.000E+0
1.000E+0	0.000E+0	0.000E+0	0.000E+0	1.000E+0	0.000E+0	0.000E+0	0.000E+0	0.000E+0	1.000E+0	0.000E+0	0.000E+0	0.000E+0	0.000E+0	0.000E+0	0.000E+0	0.000E+0	0.000E+0	0.000E+0	0.000E+0	0.000E+0	0.000E+0	0.000E+0	0.000E+0	1.100E+1	1.700E+1	1.800E+1	2.200E+1	1.400E+1	1.800E+1	2.900E+1	3.000E+1	3.000E+1	1.900E+1	1.500E+1	1.800E+1	2.400E+1	1.600E+1	1.800E+1	1.800E+1	2.700E+1	2.100E+1	2.200E+1	2.800E+1	2.300E+1	2.700E+1	1.900E+1	1.500E+1	1.900E+1	2.100E+1	1.700E+1	2.000E+1	2.600E+1	2.800E+1	3.400E+1	3.700E+1	4.800E+1	4.700E+1	1.200E+1	6.000E+0	1.900E+1	1.600E+1	1.500E+1	1.700E+1	2.400E+1	0.000E+0	2.000E+0	1.000E+0	0.000E+0	0.000E+0	0.000E+0	0.000E+0	0.000E+0	0.000E+0	0.000E+0	0.000E+0	0.000E+0	1.000E+0	1.000E+0	1.000E+1	3.500E+1	1.400E+2	6.140E+2	2.218E+3	7.689E+3	1.939E+4	3.278E+4	4.117E+4	4.010E+4	3.192E+4	1.988E+4	9.694E+3	3.750E+3	1.301E+3	4.210E+2	1.000E+2	2.600E+1	3.000E+0	0.000E+0	2.000E+0	0.000E+0	0.000E+0	0.000E+0	0.000E+0	0.000E+0	0.000E+0	1.000E+0	0.000E+0	2.000E+0	1.000E+0	0.000E+0	0.000E+0	1.000E+0	0.000E+0	0.000E+0	0.000E+0	0.000E+0	0.000E+0	0.000E+0	1.000E+0	0.000E+0	1.000E+0	1.000E+0	0.000E+0	0.000E+0	1.000E+0	0.000E+0	0.000E+0
0.000E+0	0.000E+0	0.000E+0	0.000E+0	0.000E+0	0.000E+0	0.000E+0	0.000E+0	0.000E+0	0.000E+0	0.000E+0	0.000E+0	0.000E+0	0.000E+0	0.000E+0	0.000E+0	0.000E+0	0.000E+0	0.000E+0	0.000E+0	0.000E+0	0.000E+0	0.000E+0	1.000E+0	9.000E+0	1.700E+1	2.100E+1	1.600E+1	2.300E+1	2.900E+1	2.200E+1	2.200E+1	2.100E+1	1.500E+1	2.400E+1	2.200E+1	2.000E+1	2.100E+1	2.400E+1	2.400E+1	1.900E+1	3.400E+1	2.600E+1	2.000E+1	1.600E+1	2.000E+1	1.700E+1	1.700E+1	1.200E+1	2.600E+1	1.800E+1	2.400E+1	3.100E+1	3.000E+1	3.600E+1	4.200E+1	5.000E+1	5.700E+1	1.900E+1	1.700E+1	1.800E+1	2.300E+1	2.700E+1	2.700E+1	3.100E+1	1.000E+0	0.000E+0	0.000E+0	0.000E+0	0.000E+0	0.000E+0	0.000E+0	0.000E+0	0.000E+0	0.000E+0	1.000E+0	0.000E+0	2.000E+0	4.000E+0	5.000E+0	2.800E+1	1.800E+2	6.850E+2	2.420E+3	7.551E+3	1.877E+4	3.277E+4	4.152E+4	4.008E+4	3.164E+4	1.959E+4	9.162E+3	3.238E+3	9.500E+2	2.410E+2	4.600E+1	1.400E+1	5.000E+0	0.000E+0	2.000E+0	0.000E+0	0.000E+0	0.000E+0	0.000E+0	0.000E+0	0.000E+0	0.000E+0	0.000E+0	2.000E+0	0.000E+0	0.000E+0	0.000E+0	0.000E+0	0.000E+0	0.000E+0	0.000E+0	0.000E+0	0.000E+0	0.000E+0	1.000E+0	0.000E+0	1.000E+0	0.000E+0	0.000E+0	0.000E+0	0.000E+0	0.000E+0	0.000E+0
0.000E+0	1.000E+0	0.000E+0	0.000E+0	0.000E+0	0.000E+0	1.000E+0	0.000E+0	0.000E+0	0.000E+0	0.000E+0	0.000E+0	0.000E+0	0.000E+0	0.000E+0	1.000E+0	0.000E+0	1.000E+0	0.000E+0	1.000E+0	0.000E+0	0.000E+0	0.000E+0	2.000E+0	7.000E+0	2.000E+1	1.500E+1	2.300E+1	1.700E+1	2.300E+1	1.700E+1	2.000E+1	1.400E+1	1.900E+1	2.100E+1	1.500E+1	2.400E+1	1.900E+1	3.000E+1	1.100E+1	2.100E+1	2.300E+1	1.600E+1	2.000E+1	2.000E+1	1.600E+1	2.200E+1	1.900E+1	2.200E+1	2.500E+1	2.500E+1	2.200E+1	2.100E+1	2.500E+1	3.700E+1	3.900E+1	6.000E+1	6.300E+1	1.500E+1	2.000E+1	1.000E+1	2.500E+1	1.800E+1	2.000E+1	2.500E+1	0.000E+0	0.000E+0	0.000E+0	0.000E+0	0.000E+0	0.000E+0	0.000E+0	0.000E+0	0.000E+0	0.000E+0	0.000E+0	0.000E+0	0.000E+0	2.000E+0	3.000E+0	3.000E+1	1.680E+2	7.210E+2	2.128E+3	6.967E+3	1.858E+4	3.210E+4	4.017E+4	3.936E+4	3.144E+4	1.955E+4	9.284E+3	3.567E+3	1.129E+3	3.040E+2	6.900E+1	1.600E+1	2.000E+0	3.000E+0	1.000E+0	0.000E+0	0.000E+0	0.000E+0	0.000E+0	0.000E+0	0.000E+0	0.000E+0	1.000E+0	0.000E+0	1.000E+0	0.000E+0	0.000E+0	0.000E+0	1.000E+0	0.000E+0	0.000E+0	0.000E+0	0.000E+0	0.000E+0	0.000E+0	1.000E+0	2.000E+0	0.000E+0	0.000E+0	0.000E+0	0.000E+0	1.000E+0	0.000E+0
0.000E+0	0.000E+0	0.000E+0	0.000E+0	0.000E+0	0.000E+0	0.000E+0	2.000E+0	0.000E+0	0.000E+0	0.000E+0	0.000E+0	0.000E+0	0.000E+0	0.000E+0	0.000E+0	0.000E+0	0.000E+0	0.000E+0	0.000E+0	0.000E+0	0.000E+0	1.000E+0	0.000E+0	2.000E+0	2.900E+1	2.000E+1	1.800E+1	2.300E+1	1.900E+1	2.100E+1	2.100E+1	1.700E+1	2.300E+1	2.000E+1	2.200E+1	1.400E+1	2.100E+1	1.900E+1	2.600E+1	2.400E+1	1.300E+1	2.700E+1	2.000E+1	2.300E+1	2.400E+1	2.600E+1	2.300E+1	3.000E+1	2.800E+1	2.100E+1	3.600E+1	2.000E+1	2.900E+1	4.300E+1	3.800E+1	5.200E+1	6.100E+1	1.700E+1	1.100E+1	1.400E+1	2.900E+1	2.300E+1	2.600E+1	2.800E+1	0.000E+0	0.000E+0	0.000E+0	0.000E+0	0.000E+0	0.000E+0	0.000E+0	0.000E+0	0.000E+0	0.000E+0	0.000E+0	0.000E+0	0.000E+0	2.000E+0	1.000E+0	2.400E+1	1.310E+2	6.090E+2	2.321E+3	7.473E+3	1.832E+4	3.220E+4	4.170E+4	4.037E+4	3.174E+4	1.988E+4	9.780E+3	3.609E+3	1.020E+3	2.640E+2	5.800E+1	2.000E+1	2.000E+0	0.000E+0	1.000E+0	0.000E+0	1.000E+0	0.000E+0	0.000E+0	0.000E+0	0.000E+0	0.000E+0	0.000E+0	0.000E+0	0.000E+0	0.000E+0	1.000E+0	0.000E+0	0.000E+0	0.000E+0	0.000E+0	0.000E+0	0.000E+0	0.000E+0	0.000E+0	0.000E+0	0.000E+0	0.000E+0	0.000E+0	0.000E+0	0.000E+0	0.000E+0	0.000E+0
0.000E+0	0.000E+0	0.000E+0	0.000E+0	0.000E+0	0.000E+0	0.000E+0	0.000E+0	1.000E+0	0.000E+0	0.000E+0	1.000E+0	0.000E+0	0.000E+0	0.000E+0	0.000E+0	0.000E+0	0.000E+0	0.000E+0	0.000E+0	0.000E+0	0.000E+0	0.000E+0	0.000E+0	2.000E+0	1.200E+1	1.500E+1	2.400E+1	2.600E+1	1.900E+1	2.100E+1	1.500E+1	1.900E+1	2.100E+1	2.100E+1	1.200E+1	1.800E+1	1.400E+1	2.000E+1	1.700E+1	2.600E+1	2.300E+1	1.600E+1	2.800E+1	2.000E+1	1.700E+1	2.600E+1	2.300E+1	1.700E+1	2.600E+1	2.000E+1	2.400E+1	2.500E+1	3.000E+1	3.700E+1	4.400E+1	6.000E+1	6.000E+1	1.400E+1	2.500E+1	1.500E+1	2.100E+1	6.000E+0	1.800E+1	1.900E+1	2.000E+0	1.000E+0	0.000E+0	0.000E+0	0.000E+0	1.000E+0	0.000E+0	1.000E+0	0.000E+0	1.000E+0	0.000E+0	0.000E+0	0.000E+0	1.000E+0	6.000E+0	2.800E+1	1.440E+2	6.200E+2	2.349E+3	7.730E+3	1.941E+4	3.335E+4	4.099E+4	4.069E+4	3.204E+4	1.969E+4	9.404E+3	3.358E+3	9.020E+2	2.090E+2	6.600E+1	1.700E+1	5.000E+0	0.000E+0	1.000E+0	0.000E+0	0.000E+0	0.000E+0	0.000E+0	0.000E+0	0.000E+0	0.000E+0	0.000E+0	0.000E+0	0.000E+0	0.000E+0	0.000E+0	0.000E+0	1.000E+0	0.000E+0	0.000E+0	1.000E+0	0.000E+0	0.000E+0	0.000E+0	1.000E+0	0.000E+0	0.000E+0	0.000E+0	0.000E+0	1.000E+0	0.000E+0	0.000E+0
0.000E+0	0.000E+0	0.000E+0	0.000E+0	0.000E+0	0.000E+0	0.000E+0	0.000E+0	0.000E+0	0.000E+0	0.000E+0	1.000E+0	1.000E+0	0.000E+0	0.000E+0	1.000E+0	0.000E+0	0.000E+0	0.000E+0	0.000E+0	0.000E+0	0.000E+0	0.000E+0	0.000E+0	5.000E+0	2.000E+1	1.900E+1	2.000E+1	1.400E+1	2.200E+1	1.800E+1	2.200E+1	1.500E+1	1.900E+1	1.900E+1	1.200E+1	1.400E+1	1.400E+1	2.400E+1	2.700E+1	2.500E+1	1.700E+1	3.400E+1	2.800E+1	2.600E+1	2.500E+1	2.100E+1	2.400E+1	2.500E+1	2.800E+1	2.700E+1	1.900E+1	1.800E+1	2.300E+1	2.700E+1	3.400E+1	4.300E+1	5.600E+1	1.400E+1	1.200E+1	1.600E+1	1.500E+1	2.400E+1	2.100E+1	2.500E+1	0.000E+0	1.000E+0	0.000E+0	0.000E+0	0.000E+0	1.000E+0	0.000E+0	0.000E+0	0.000E+0	1.000E+0	0.000E+0	1.000E+0	0.000E+0	2.000E+0	3.000E+0	2.800E+1	1.660E+2	6.730E+2	2.549E+3	7.952E+3	1.930E+4	3.234E+4	4.058E+4	3.977E+4	3.120E+4	1.894E+4	9.384E+3	3.585E+3	1.080E+3	2.520E+2	4.500E+1	1.400E+1	2.000E+0	1.000E+0	0.000E+0	0.000E+0	0.000E+0	0.000E+0	0.000E+0	0.000E+0	0.000E+0	0.000E+0	0.000E+0	1.000E+0	0.000E+0	1.000E+0	1.000E+0	0.000E+0	0.000E+0	0.000E+0	0.000E+0	1.000E+0	0.000E+0	0.000E+0	0.000E+0	0.000E+0	0.000E+0	0.000E+0	0.000E+0	0.000E+0	1.000E+0	1.000E+0	0.000E+0
1.000E+0	0.000E+0	1.000E+0	0.000E+0	0.000E+0	0.000E+0	0.000E+0	0.000E+0	0.000E+0	0.000E+0	0.000E+0	0.000E+0	0.000E+0	0.000E+0	0.000E+0	0.000E+0	0.000E+0	0.000E+0	0.000E+0	0.000E+0	0.000E+0	0.000E+0	0.000E+0	1.000E+0	5.000E+0	1.200E+1	1.800E+1	2.400E+1	1.500E+1	1.900E+1	1.800E+1	1.500E+1	1.600E+1	1.900E+1	2.400E+1	2.600E+1	1.700E+1	2.600E+1	2.200E+1	1.900E+1	2.500E+1	2.100E+1	2.200E+1	1.900E+1	1.900E+1	1.400E+1	2.000E+1	2.000E+1	1.400E+1	2.200E+1	1.200E+1	3.200E+1	1.700E+1	2.300E+1	2.500E+1	4.000E+1	3.900E+1	6.000E+1	1.400E+1	1.900E+1	1.400E+1	2.300E+1	2.600E+1	2.400E+1	2.200E+1	0.000E+0	3.000E+0	0.000E+0	0.000E+0	0.000E+0	0.000E+0	0.000E+0	0.000E+0	1.000E+0	1.000E+0	0.000E+0	1.000E+0	0.000E+0	1.000E+0	8.000E+0	2.600E+1	1.260E+2	5.590E+2	2.318E+3	7.632E+3	1.815E+4	3.159E+4	4.049E+4	3.921E+4	3.048E+4	1.931E+4	9.632E+3	3.601E+3	1.027E+3	2.770E+2	4.800E+1	1.200E+1	3.000E+0	2.000E+0	1.000E+0	0.000E+0	0.000E+0	0.000E+0	0.000E+0	0.000E+0	0.000E+0	0.000E+0	1.000E+0	0.000E+0	0.000E+0	0.000E+0	0.000E+0	0.000E+0	1.000E+0	0.000E+0	0.000E+0	2.000E+0	0.000E+0	0.000E+0	0.000E+0	0.000E+0	0.000E+0	0.000E+0	0.000E+0	0.000E+0	0.000E+0	0.000E+0	1.000E+0
1.000E+0	0.000E+0	0.000E+0	1.000E+0	0.000E+0	0.000E+0	0.000E+0	0.000E+0	0.000E+0	0.000E+0	0.000E+0	0.000E+0	0.000E+0	0.000E+0	0.000E+0	0.000E+0	0.000E+0	0.000E+0	0.000E+0	0.000E+0	0.000E+0	0.000E+0	0.000E+0	0.000E+0	1.200E+1	1.600E+1	1.600E+1	1.400E+1	1.300E+1	1.200E+1	9.000E+0	1.700E+1	2.600E+1	1.600E+1	1.500E+1	1.900E+1	1.400E+1	2.000E+1	1.200E+1	1.800E+1	2.500E+1	1.800E+1	2.800E+1	1.400E+1	2.800E+1	1.400E+1	2.200E+1	2.100E+1	2.400E+1	3.300E+1	1.700E+1	1.800E+1	2.200E+1	1.900E+1	2.800E+1	3.200E+1	5.500E+1	6.000E+1	1.900E+1	1.900E+1	2.000E+1	2.300E+1	2.100E+1	2.900E+1	3.500E+1	1.000E+0	0.000E+0	0.000E+0	0.000E+0	1.000E+0	0.000E+0	0.000E+0	0.000E+0	0.000E+0	0.000E+0	0.000E+0	0.000E+0	1.000E+0	2.000E+0	4.000E+0	3.700E+1	2.000E+2	7.830E+2	2.427E+3	8.053E+3	1.906E+4	3.099E+4	3.907E+4	3.892E+4	3.036E+4	1.822E+4	8.900E+3	3.534E+3	1.006E+3	2.730E+2	5.800E+1	9.000E+0	1.000E+0	1.000E+0	0.000E+0	0.000E+0	0.000E+0	2.000E+0	1.000E+0	0.000E+0	0.000E+0	0.000E+0	0.000E+0	0.000E+0	0.000E+0	0.000E+0	1.000E+0	0.000E+0	0.000E+0	0.000E+0	0.000E+0	0.000E+0	0.000E+0	0.000E+0	0.000E+0	0.000E+0	0.000E+0	0.000E+0	0.000E+0	0.000E+0	0.000E+0	1.000E+0	0.000E+0
0.000E+0	0.000E+0	0.000E+0	0.000E+0	0.000E+0	0.000E+0	1.000E+0	0.000E+0	0.000E+0	0.000E+0	0.000E+0	0.000E+0	1.000E+0	0.000E+0	0.000E+0	0.000E+0	0.000E+0	0.000E+0	0.000E+0	0.000E+0	0.000E+0	0.000E+0	1.000E+0	0.000E+0	6.000E+0	1.900E+1	1.300E+1	1.400E+1	1.600E+1	2.300E+1	1.000E+1	1.800E+1	1.400E+1	1.300E+1	1.700E+1	1.700E+1	1.900E+1	1.400E+1	2.200E+1	2.200E+1	2.600E+1	1.800E+1	1.500E+1	1.900E+1	2.400E+1	1.500E+1	3.200E+1	2.100E+1	1.800E+1	2.100E+1	1.600E+1	1.700E+1	2.600E+1	2.400E+1	2.700E+1	3.800E+1	4.600E+1	4.400E+1	2.300E+1	2.000E+1	1.400E+1	1.700E+1	2.100E+1	2.400E+1	2.700E+1	1.000E+0	0.000E+0	1.000E+0	1.000E+0	0.000E+0	0.000E+0	0.000E+0	0.000E+0	0.000E+0	0.000E+0	0.000E+0	0.000E+0	0.000E+0	1.000E+0	7.000E+0	2.600E+1	1.520E+2	7.030E+2	2.446E+3	7.959E+3	1.881E+4	3.151E+4	4.017E+4	3.879E+4	3.021E+4	1.913E+4	9.700E+3	3.781E+3	1.096E+3	2.760E+2	6.600E+1	2.100E+1	1.000E+0	0.000E+0	0.000E+0	0.000E+0	1.000E+0	0.000E+0	1.000E+0	0.000E+0	0.000E+0	0.000E+0	0.000E+0	0.000E+0	0.000E+0	0.000E+0	0.000E+0	0.000E+0	0.000E+0	1.000E+0	0.000E+0	1.000E+0	0.000E+0	1.000E+0	0.000E+0	0.000E+0	0.000E+0	0.000E+0	0.000E+0	0.000E+0	0.000E+0	0.000E+0	0.000E+0
1.000E+0	0.000E+0	0.000E+0	0.000E+0	0.000E+0	0.000E+0	0.000E+0	0.000E+0	0.000E+0	0.000E+0	0.000E+0	0.000E+0	0.000E+0	0.000E+0	0.000E+0	1.000E+0	0.000E+0	0.000E+0	0.000E+0	0.000E+0	0.000E+0	0.000E+0	0.000E+0	0.000E+0	8.000E+0	1.300E+1	1.500E+1	1.400E+1	1.700E+1	1.700E+1	1.500E+1	1.900E+1	1.600E+1	1.400E+1	1.900E+1	1.500E+1	1.500E+1	2.000E+1	2.500E+1	2.500E+1	3.300E+1	2.100E+1	2.300E+1	2.000E+1	1.300E+1	1.500E+1	2.000E+1	1.500E+1	1.800E+1	2.900E+1	1.300E+1	1.800E+1	3.500E+1	1.700E+1	2.900E+1	3.000E+1	4.400E+1	5.200E+1	1.000E+1	1.000E+1	1.800E+1	2.000E+1	2.100E+1	1.800E+1	2.400E+1	1.000E+0	1.000E+0	0.000E+0	0.000E+0	0.000E+0	0.000E+0	0.000E+0	1.000E+0	0.000E+0	0.000E+0	0.000E+0	0.000E+0	0.000E+0	5.000E+0	1.000E+1	1.900E+1	1.290E+2	6.950E+2	2.549E+3	7.496E+3	1.829E+4	3.061E+4	3.811E+4	3.730E+4	2.920E+4	1.805E+4	8.811E+3	3.166E+3	8.870E+2	2.080E+2	5.400E+1	9.000E+0	1.000E+0	0.000E+0	1.000E+0	0.000E+0	0.000E+0	0.000E+0	0.000E+0	0.000E+0	0.000E+0	0.000E+0	0.000E+0	0.000E+0	0.000E+0	0.000E+0	0.000E+0	0.000E+0	0.000E+0	0.000E+0	1.000E+0	1.000E+0	0.000E+0	2.000E+0	0.000E+0	0.000E+0	0.000E+0	1.000E+0	0.000E+0	0.000E+0	0.000E+0	0.000E+0	0.000E+0
0.000E+0	0.000E+0	0.000E+0	0.000E+0	0.000E+0	1.000E+0	0.000E+0	0.000E+0	0.000E+0	0.000E+0	0.000E+0	0.000E+0	0.000E+0	0.000E+0	1.000E+0	0.000E+0	0.000E+0	0.000E+0	0.000E+0	1.000E+0	1.000E+0	0.000E+0	1.000E+0	0.000E+0	6.000E+0	1.000E+1	1.700E+1	2.100E+1	1.500E+1	1.500E+1	1.600E+1	2.400E+1	1.800E+1	1.600E+1	1.800E+1	2.000E+1	1.800E+1	1.700E+1	1.900E+1	3.300E+1	2.200E+1	2.100E+1	1.900E+1	2.200E+1	1.900E+1	1.400E+1	1.500E+1	1.000E+1	2.400E+1	1.100E+1	1.600E+1	1.600E+1	1.700E+1	2.500E+1	2.900E+1	4.400E+1	4.700E+1	7.000E+1	9.000E+0	1.000E+1	1.300E+1	9.000E+0	1.900E+1	1.900E+1	1.700E+1	0.000E+0	0.000E+0	1.000E+0	0.000E+0	0.000E+0	0.000E+0	0.000E+0	0.000E+0	0.000E+0	0.000E+0	0.000E+0	1.000E+0	1.000E+0	3.000E+0	7.000E+0	2.500E+1	1.010E+2	5.830E+2	2.206E+3	7.256E+3	1.764E+4	3.148E+4	4.029E+4	3.922E+4	3.057E+4	1.865E+4	8.784E+3	3.104E+3	8.650E+2	2.220E+2	5.500E+1	1.200E+1	2.000E+0	0.000E+0	0.000E+0	0.000E+0	0.000E+0	0.000E+0	1.000E+0	0.000E+0	0.000E+0	0.000E+0	0.000E+0	0.000E+0	0.000E+0	0.000E+0	0.000E+0	0.000E+0	1.000E+0	0.000E+0	1.000E+0	0.000E+0	0.000E+0	0.000E+0	0.000E+0	0.000E+0	4.000E+0	1.000E+0	0.000E+0	0.000E+0	0.000E+0	0.000E+0	0.000E+0
0.000E+0	0.000E+0	0.000E+0	0.000E+0	0.000E+0	0.000E+0	1.000E+0	0.000E+0	0.000E+0	0.000E+0	0.000E+0	0.000E+0	0.000E+0	0.000E+0	0.000E+0	0.000E+0	0.000E+0	0.000E+0	0.000E+0	0.000E+0	0.000E+0	0.000E+0	0.000E+0	0.000E+0	5.000E+0	1.400E+1	1.500E+1	1.900E+1	1.800E+1	2.000E+1	1.600E+1	1.800E+1	1.700E+1	1.800E+1	1.500E+1	1.300E+1	1.000E+1	1.800E+1	1.700E+1	2.500E+1	3.000E+1	1.900E+1	2.100E+1	7.000E+0	1.700E+1	1.600E+1	1.600E+1	1.400E+1	1.600E+1	2.100E+1	1.300E+1	2.100E+1	2.300E+1	2.200E+1	2.400E+1	3.600E+1	3.900E+1	4.100E+1	1.000E+1	1.800E+1	1.400E+1	1.100E+1	2.200E+1	1.100E+1	3.000E+1	1.000E+0	0.000E+0	0.000E+0	0.000E+0	0.000E+0	2.000E+0	0.000E+0	1.000E+0	0.000E+0	0.000E+0	0.000E+0	1.000E+0	1.000E+0	5.000E+0	1.200E+1	2.900E+1	1.590E+2	6.660E+2	2.438E+3	7.318E+3	1.724E+4	3.024E+4	3.800E+4	3.703E+4	2.936E+4	1.880E+4	9.519E+3	3.686E+3	1.276E+3	3.560E+2	1.050E+2	1.900E+1	6.000E+0	0.000E+0	0.000E+0	0.000E+0	0.000E+0	1.000E+0	1.000E+0	0.000E+0	1.000E+0	0.000E+0	0.000E+0	1.000E+0	0.000E+0	0.000E+0	0.000E+0	0.000E+0	0.000E+0	0.000E+0	0.000E+0	0.000E+0	0.000E+0	0.000E+0	1.000E+0	0.000E+0	0.000E+0	0.000E+0	0.000E+0	0.000E+0	0.000E+0	0.000E+0	1.000E+0
0.000E+0	1.000E+0	0.000E+0	0.000E+0	1.000E+0	0.000E+0	0.000E+0	0.000E+0	0.000E+0	0.000E+0	0.000E+0	0.000E+0	0.000E+0	0.000E+0	0.000E+0	0.000E+0	0.000E+0	0.000E+0	0.000E+0	0.000E+0	0.000E+0	0.000E+0	0.000E+0	0.000E+0	6.000E+0	1.300E+1	1.300E+1	2.600E+1	1.300E+1	2.300E+1	1.400E+1	1.100E+1	2.200E+1	1.200E+1	1.100E+1	1.300E+1	1.700E+1	1.600E+1	1.500E+1	2.500E+1	1.900E+1	2.200E+1	1.900E+1	2.100E+1	1.100E+1	1.300E+1	2.200E+1	2.100E+1	1.300E+1	1.500E+1	1.700E+1	2.400E+1	2.100E+1	2.800E+1	2.700E+1	3.800E+1	4.300E+1	6.000E+1	1.000E+1	1.200E+1	1.000E+1	1.300E+1	1.800E+1	2.000E+1	2.900E+1	1.000E+0	0.000E+0	0.000E+0	0.000E+0	0.000E+0	0.000E+0	0.000E+0	0.000E+0	1.000E+0	1.000E+0	0.000E+0	0.000E+0	0.000E+0	1.000E+0	8.000E+0	4.100E+1	1.440E+2	5.610E+2	2.087E+3	7.620E+3	1.918E+4	3.173E+4	3.994E+4	4.003E+4	3.085E+4	1.853E+4	8.711E+3	3.319E+3	1.098E+3	2.820E+2	6.000E+1	1.100E+1	2.000E+0	1.000E+0	0.000E+0	0.000E+0	0.000E+0	0.000E+0	1.000E+0	1.000E+0	0.000E+0	0.000E+0	2.000E+0	1.000E+0	0.000E+0	0.000E+0	1.000E+0	0.000E+0	0.000E+0	0.000E+0	0.000E+0	1.000E+0	0.000E+0	0.000E+0	0.000E+0	0.000E+0	0.000E+0	1.000E+0	0.000E+0	0.000E+0	0.000E+0	1.000E+0	0.000E+0
0.000E+0	0.000E+0	0.000E+0	1.000E+0	0.000E+0	0.000E+0	0.000E+0	0.000E+0	0.000E+0	0.000E+0	0.000E+0	0.000E+0	1.000E+0	0.000E+0	0.000E+0	0.000E+0	1.000E+0	0.000E+0	0.000E+0	0.000E+0	0.000E+0	0.000E+0	1.000E+0	1.000E+0	6.000E+0	1.200E+1	1.300E+1	2.800E+1	1.800E+1	1.600E+1	1.500E+1	1.600E+1	1.400E+1	1.400E+1	1.600E+1	1.100E+1	2.600E+1	1.700E+1	2.100E+1	2.400E+1	2.400E+1	2.900E+1	1.800E+1	2.100E+1	1.500E+1	1.200E+1	1.800E+1	2.200E+1	2.000E+1	2.400E+1	1.500E+1	2.100E+1	2.000E+1	1.700E+1	2.500E+1	3.400E+1	5.100E+1	5.000E+1	2.000E+1	1.600E+1	2.000E+1	1.800E+1	2.800E+1	2.300E+1	2.300E+1	1.000E+0	0.000E+0	0.000E+0	2.000E+0	0.000E+0	0.000E+0	1.000E+0	0.000E+0	1.000E+0	0.000E+0	0.000E+0	1.000E+0	1.000E+0	1.000E+0	5.000E+0	3.600E+1	1.520E+2	6.810E+2	2.388E+3	7.529E+3	1.783E+4	3.062E+4	3.862E+4	3.799E+4	2.929E+4	1.865E+4	8.838E+3	3.311E+3	9.960E+2	2.320E+2	7.000E+1	1.600E+1	6.000E+0	2.000E+0	3.000E+0	0.000E+0	2.000E+0	1.000E+0	0.000E+0	1.000E+0	0.000E+0	0.000E+0	0.000E+0	0.000E+0	1.000E+0	0.000E+0	1.000E+0	0.000E+0	0.000E+0	0.000E+0	0.000E+0	0.000E+0	0.000E+0	0.000E+0	0.000E+0	0.000E+0	0.000E+0	0.000E+0	0.000E+0	0.000E+0	1.000E+0	0.000E+0	0.000E+0
0.000E+0	0.000E+0	0.000E+0	0.000E+0	1.000E+0	0.000E+0	0.000E+0	0.000E+0	0.000E+0	0.000E+0	0.000E+0	0.000E+0	0.000E+0	0.000E+0	0.000E+0	0.000E+0	0.000E+0	0.000E+0	1.000E+0	0.000E+0	0.000E+0	0.000E+0	1.000E+0	1.000E+0	6.000E+0	1.500E+1	1.400E+1	1.200E+1	1.800E+1	1.400E+1	2.200E+1	2.000E+1	1.600E+1	2.000E+1	9.000E+0	1.500E+1	1.300E+1	2.000E+1	1.600E+1	2.500E+1	2.300E+1	2.200E+1	1.500E+1	1.600E+1	1.400E+1	1.800E+1	1.700E+1	1.600E+1	1.800E+1	1.700E+1	1.600E+1	1.600E+1	2.100E+1	2.200E+1	3.500E+1	2.900E+1	4.100E+1	3.500E+1	1.300E+1	1.900E+1	1.300E+1	1.000E+1	2.400E+1	1.700E+1	2.000E+1	1.000E+0	0.000E+0	0.000E+0	0.000E+0	0.000E+0	0.000E+0	0.000E+0	0.000E+0	1.000E+0	0.000E+0	0.000E+0	0.000E+0	0.000E+0	3.000E+0	5.000E+0	2.700E+1	1.270E+2	5.960E+2	2.379E+3	7.492E+3	1.746E+4	3.028E+4	3.908E+4	3.811E+4	2.988E+4	1.872E+4	9.065E+3	3.444E+3	1.083E+3	2.930E+2	7.400E+1	2.000E+1	2.000E+0	2.000E+0	0.000E+0	0.000E+0	0.000E+0	0.000E+0	0.000E+0	0.000E+0	0.000E+0	2.000E+0	0.000E+0	0.000E+0	0.000E+0	0.000E+0	0.000E+0	0.000E+0	0.000E+0	0.000E+0	0.000E+0	0.000E+0	0.000E+0	1.000E+0	0.000E+0	0.000E+0	0.000E+0	0.000E+0	0.000E+0	0.000E+0	1.000E+0	0.000E+0	0.000E+0
0.000E+0	0.000E+0	1.000E+0	0.000E+0	0.000E+0	0.000E+0	0.000E+0	0.000E+0	0.000E+0	0.000E+0	1.000E+0	0.000E+0	0.000E+0	0.000E+0	1.000E+0	0.000E+0	0.000E+0	0.000E+0	0.000E+0	0.000E+0	0.000E+0	0.000E+0	2.000E+0	2.000E+0	7.000E+0	1.000E+1	1.300E+1	1.100E+1	1.400E+1	1.700E+1	1.200E+1	8.000E+0	2.100E+1	1.800E+1	1.700E+1	1.400E+1	1.500E+1	1.900E+1	1.500E+1	1.900E+1	2.700E+1	1.400E+1	1.600E+1	1.900E+1	1.600E+1	2.000E+1	1.600E+1	1.400E+1	1.500E+1	1.600E+1	1.700E+1	1.400E+1	1.400E+1	2.500E+1	2.500E+1	2.800E+1	3.900E+1	5.400E+1	2.100E+1	1.900E+1	1.700E+1	1.800E+1	1.500E+1	2.400E+1	2.900E+1	1.000E+0	0.000E+0	0.000E+0	0.000E+0	1.000E+0	0.000E+0	1.000E+0	2.000E+0	0.000E+0	0.000E+0	0.000E+0	0.000E+0	0.000E+0	0.000E+0	8.000E+0	3.900E+1	1.720E+2	6.870E+2	2.597E+3	8.123E+3	1.805E+4	2.965E+4	3.827E+4	3.752E+4	2.947E+4	1.871E+4	9.737E+3	3.653E+3	1.081E+3	2.630E+2	6.500E+1	1.100E+1	3.000E+0	1.000E+0	1.000E+0	0.000E+0	1.000E+0	0.000E+0	1.000E+0	0.000E+0	0.000E+0	0.000E+0	0.000E+0	0.000E+0	0.000E+0	0.000E+0	1.000E+0	0.000E+0	0.000E+0	0.000E+0	0.000E+0	0.000E+0	0.000E+0	0.000E+0	2.000E+0	0.000E+0	0.000E+0	0.000E+0	0.000E+0	1.000E+0	0.000E+0	0.000E+0	2.000E+0
0.000E+0	1.000E+0	0.000E+0	1.000E+0	0.000E+0	1.000E+0	0.000E+0	0.000E+0	0.000E+0	0.000E+0	0.000E+0	0.000E+0	0.000E+0	0.000E+0	0.000E+0	0.000E+0	0.000E+0	0.000E+0	0.000E+0	0.000E+0	0.000E+0	0.000E+0	0.000E+0	0.000E+0	4.000E+0	1.400E+1	1.600E+1	1.200E+1	1.900E+1	1.400E+1	1.800E+1	1.300E+1	2.400E+1	2.100E+1	2.000E+1	1.700E+1	1.900E+1	2.200E+1	1.900E+1	1.600E+1	2.700E+1	2.400E+1	2.200E+1	2.300E+1	9.000E+0	1.500E+1	1.600E+1	2.500E+1	1.500E+1	1.500E+1	1.900E+1	1.700E+1	1.800E+1	1.700E+1	2.300E+1	3.500E+1	3.300E+1	6.500E+1	1.300E+1	1.700E+1	1.700E+1	2.100E+1	2.800E+1	3.300E+1	3.100E+1	1.000E+0	0.000E+0	1.000E+0	0.000E+0	0.000E+0	0.000E+0	0.000E+0	0.000E+0	0.000E+0	0.000E+0	0.000E+0	0.000E+0	0.000E+0	2.000E+0	1.000E+1	2.800E+1	1.700E+2	7.280E+2	2.589E+3	7.688E+3	1.855E+4	3.121E+4	3.947E+4	3.924E+4	3.073E+4	1.925E+4	9.601E+3	3.762E+3	1.191E+3	3.070E+2	7.300E+1	1.300E+1	6.000E+0	0.000E+0	0.000E+0	0.000E+0	0.000E+0	0.000E+0	1.000E+0	1.000E+0	0.000E+0	0.000E+0	0.000E+0	0.000E+0	0.000E+0	0.000E+0	1.000E+0	0.000E+0	0.000E+0	0.000E+0	0.000E+0	1.000E+0	0.000E+0	0.000E+0	0.000E+0	0.000E+0	0.000E+0	0.000E+0	1.000E+0	0.000E+0	0.000E+0	0.000E+0	0.000E+0
0.000E+0	1.000E+0	0.000E+0	0.000E+0	1.000E+0	0.000E+0	0.000E+0	0.000E+0	0.000E+0	0.000E+0	0.000E+0	1.000E+0	0.000E+0	0.000E+0	0.000E+0	0.000E+0	0.000E+0	1.000E+0	0.000E+0	0.000E+0	0.000E+0	0.000E+0	0.000E+0	0.000E+0	7.000E+0	9.000E+0	1.000E+1	1.700E+1	1.300E+1	1.500E+1	1.600E+1	2.200E+1	1.900E+1	1.500E+1	1.800E+1	1.300E+1	2.100E+1	1.800E+1	2.100E+1	1.800E+1	2.100E+1	2.900E+1	1.100E+1	1.200E+1	1.800E+1	1.000E+1	2.000E+1	2.000E+1	1.500E+1	2.200E+1	8.000E+0	1.700E+1	1.200E+1	1.200E+1	3.000E+1	4.500E+1	4.400E+1	5.600E+1	1.600E+1	2.000E+1	2.000E+1	1.800E+1	2.900E+1	2.500E+1	3.000E+1	0.000E+0	0.000E+0	1.000E+0	0.000E+0	0.000E+0	1.000E+0	0.000E+0	0.000E+0	1.000E+0	0.000E+0	0.000E+0	0.000E+0	2.000E+0	6.000E+0	1.100E+1	2.200E+1	1.760E+2	5.700E+2	2.142E+3	7.675E+3	1.940E+4	3.208E+4	4.030E+4	3.930E+4	3.085E+4	1.795E+4	8.350E+3	3.450E+3	1.251E+3	3.280E+2	7.100E+1	1.100E+1	3.000E+0	0.000E+0	1.000E+0	0.000E+0	0.000E+0	0.000E+0	0.000E+0	0.000E+0	0.000E+0	0.000E+0	0.000E+0	0.000E+0	0.000E+0	0.000E+0	0.000E+0	1.000E+0	0.000E+0	0.000E+0	0.000E+0	0.000E+0	0.000E+0	0.000E+0	0.000E+0	0.000E+0	0.000E+0	0.000E+0	0.000E+0	0.000E+0	1.000E+0	0.000E+0	0.000E+0
0.000E+0	0.000E+0	2.000E+0	0.000E+0	0.000E+0	0.000E+0	1.000E+0	1.000E+0	0.000E+0	0.000E+0	0.000E+0	0.000E+0	0.000E+0	1.000E+0	0.000E+0	0.000E+0	0.000E+0	0.000E+0	1.000E+0	0.000E+0	0.000E+0	0.000E+0	0.000E+0	0.000E+0	5.000E+0	1.300E+1	2.100E+1	6.000E+0	1.600E+1	1.600E+1	2.500E+1	1.300E+1	1.200E+1	1.700E+1	1.700E+1	1.000E+1	1.700E+1	2.000E+1	1.100E+1	2.300E+1	2.800E+1	1.400E+1	1.600E+1	2.200E+1	1.200E+1	1.600E+1	1.500E+1	1.600E+1	2.600E+1	1.200E+1	2.100E+1	2.200E+1	1.500E+1	2.000E+1	2.300E+1	3.500E+1	4.100E+1	6.400E+1	1.400E+1	1.900E+1	2.100E+1	1.500E+1	1.500E+1	2.800E+1	1.900E+1	1.000E+0	1.000E+0	0.000E+0	0.000E+0	0.000E+0	0.000E+0	0.000E+0	0.000E+0	0.000E+0	0.000E+0	0.000E+0	2.000E+0	1.000E+0	4.000E+0	5.000E+0	3.400E+1	1.520E+2	6.740E+2	2.266E+3	7.522E+3	1.844E+4	3.201E+4	4.032E+4	3.956E+4	3.098E+4	1.850E+4	8.650E+3	3.166E+3	9.240E+2	2.480E+2	6.900E+1	1.200E+1	2.000E+0	0.000E+0	0.000E+0	1.000E+0	0.000E+0	1.000E+0	0.000E+0	1.000E+0	0.000E+0	0.000E+0	0.000E+0	0.000E+0	0.000E+0	0.000E+0	0.000E+0	1.000E+0	0.000E+0	0.000E+0	0.000E+0	0.000E+0	0.000E+0	0.000E+0	1.000E+0	0.000E+0	0.000E+0	0.000E+0	1.000E+0	0.000E+0	0.000E+0	0.000E+0	0.000E+0
0.000E+0	0.000E+0	0.000E+0	0.000E+0	0.000E+0	0.000E+0	0.000E+0	0.000E+0	0.000E+0	0.000E+0	0.000E+0	0.000E+0	0.000E+0	1.000E+0	0.000E+0	0.000E+0	0.000E+0	0.000E+0	0.000E+0	0.000E+0	0.000E+0	0.000E+0	0.000E+0	0.000E+0	6.000E+0	1.600E+1	2.000E+1	1.300E+1	9.000E+0	2.500E+1	1.800E+1	1.300E+1	2.100E+1	1.400E+1	9.000E+0	1.200E+1	1.000E+1	1.900E+1	2.500E+1	7.000E+0	1.300E+1	1.400E+1	1.700E+1	2.300E+1	2.100E+1	2.100E+1	1.600E+1	2.300E+1	2.000E+1	1.700E+1	1.000E+1	1.600E+1	1.500E+1	2.200E+1	3.100E+1	3.800E+1	4.900E+1	6.000E+1	1.600E+1	9.000E+0	2.100E+1	1.200E+1	2.400E+1	3.100E+1	2.300E+1	1.000E+0	1.000E+0	0.000E+0	0.000E+0	0.000E+0	0.000E+0	0.000E+0	0.000E+0	0.000E+0	1.000E+0	1.000E+0	0.000E+0	1.000E+0	3.000E+0	1.300E+1	4.200E+1	1.670E+2	7.000E+2	2.605E+3	8.068E+3	1.914E+4	3.251E+4	4.006E+4	3.988E+4	3.164E+4	1.899E+4	8.874E+3	3.501E+3	1.106E+3	2.460E+2	5.700E+1	1.300E+1	3.000E+0	1.000E+0	1.000E+0	0.000E+0	0.000E+0	0.000E+0	0.000E+0	0.000E+0	0.000E+0	0.000E+0	0.000E+0	1.000E+0	0.000E+0	1.000E+0	1.000E+0	0.000E+0	1.000E+0	0.000E+0	0.000E+0	0.000E+0	0.000E+0	0.000E+0	0.000E+0	0.000E+0	0.000E+0	0.000E+0	1.000E+0	0.000E+0	0.000E+0	1.000E+0	0.000E+0
0.000E+0	0.000E+0	0.000E+0	0.000E+0	0.000E+0	1.000E+0	0.000E+0	0.000E+0	0.000E+0	1.000E+0	0.000E+0	0.000E+0	0.000E+0	0.000E+0	1.000E+0	1.000E+0	0.000E+0	0.000E+0	0.000E+0	0.000E+0	0.000E+0	2.000E+0	0.000E+0	0.000E+0	5.000E+0	1.100E+1	9.000E+0	1.800E+1	2.100E+1	2.100E+1	1.200E+1	2.000E+1	1.800E+1	1.500E+1	1.500E+1	1.600E+1	1.600E+1	1.200E+1	2.000E+1	1.400E+1	2.000E+1	1.900E+1	1.600E+1	2.300E+1	1.200E+1	7.000E+0	1.300E+1	1.800E+1	1.500E+1	1.700E+1	1.800E+1	1.800E+1	2.000E+1	2.900E+1	1.700E+1	3.700E+1	5.100E+1	5.500E+1	1.300E+1	1.900E+1	9.000E+0	1.600E+1	1.600E+1	2.300E+1	2.400E+1	1.000E+0	0.000E+0	0.000E+0	0.000E+0	0.000E+0	0.000E+0	0.000E+0	0.000E+0	0.000E+0	0.000E+0	0.000E+0	0.000E+0	1.000E+0	3.000E+0	1.300E+1	4.000E+1	1.660E+2	6.200E+2	2.351E+3	7.592E+3	1.851E+4	3.166E+4	3.995E+4	3.910E+4	3.076E+4	1.923E+4	9.153E+3	3.523E+3	1.247E+3	3.880E+2	7.100E+1	1.600E+1	8.000E+0	1.000E+0	0.000E+0	0.000E+0	0.000E+0	0.000E+0	0.000E+0	1.000E+0	0.000E+0	0.000E+0	0.000E+0	0.000E+0	0.000E+0	1.000E+0	0.000E+0	0.000E+0	0.000E+0	0.000E+0	0.000E+0	1.000E+0	0.000E+0	1.000E+0	2.000E+0	1.000E+0	0.000E+0	1.000E+0	0.000E+0	1.000E+0	1.000E+0	0.000E+0	0.000E+0
0.000E+0	0.000E+0	0.000E+0	0.000E+0	0.000E+0	0.000E+0	0.000E+0	0.000E+0	0.000E+0	0.000E+0	0.000E+0	1.000E+0	0.000E+0	0.000E+0	0.000E+0	0.000E+0	0.000E+0	0.000E+0	0.000E+0	0.000E+0	0.000E+0	0.000E+0	0.000E+0	0.000E+0	5.000E+0	1.100E+1	8.000E+0	1.600E+1	1.400E+1	1.900E+1	2.200E+1	2.000E+1	1.500E+1	2.000E+1	1.500E+1	1.600E+1	1.400E+1	1.200E+1	1.400E+1	2.200E+1	1.600E+1	1.600E+1	1.600E+1	7.000E+0	1.800E+1	1.500E+1	1.800E+1	1.300E+1	1.700E+1	2.500E+1	2.200E+1	1.700E+1	1.400E+1	1.600E+1	3.400E+1	3.900E+1	4.500E+1	5.400E+1	1.600E+1	1.700E+1	2.200E+1	2.200E+1	2.000E+1	1.600E+1	2.300E+1	2.000E+0	0.000E+0	0.000E+0	0.000E+0	0.000E+0	0.000E+0	0.000E+0	0.000E+0	0.000E+0	0.000E+0	0.000E+0	2.000E+0	1.000E+0	0.000E+0	1.200E+1	3.200E+1	1.580E+2	6.840E+2	2.436E+3	8.023E+3	1.892E+4	3.155E+4	4.024E+4	3.956E+4	3.098E+4	1.893E+4	8.713E+3	3.252E+3	9.510E+2	2.570E+2	4.600E+1	1.000E+1	3.000E+0	1.000E+0	0.000E+0	0.000E+0	1.000E+0	0.000E+0	0.000E+0	0.000E+0	1.000E+0	0.000E+0	0.000E+0	0.000E+0	0.000E+0	0.000E+0	0.000E+0	0.000E+0	0.000E+0	1.000E+0	1.000E+0	0.000E+0	0.000E+0	1.000E+0	0.000E+0	0.000E+0	0.000E+0	0.000E+0	0.000E+0	0.000E+0	0.000E+0	0.000E+0	0.000E+0
0.000E+0	1.000E+0	0.000E+0	0.000E+0	0.000E+0	0.000E+0	0.000E+0	0.000E+0	0.000E+0	0.000E+0	0.000E+0	0.000E+0	0.000E+0	0.000E+0	0.000E+0	0.000E+0	0.000E+0	0.000E+0	1.000E+0	0.000E+0	1.000E+0	0.000E+0	0.000E+0	0.000E+0	1.000E+1	2.200E+1	2.200E+1	2.600E+1	2.100E+1	1.000E+1	2.500E+1	2.500E+1	2.000E+1	2.300E+1	2.600E+1	2.000E+1	2.800E+1	2.600E+1	2.800E+1	3.200E+1	4.400E+1	3.600E+1	3.300E+1	2.500E+1	2.200E+1	1.800E+1	1.200E+1	1.100E+1	1.200E+1	1.800E+1	2.400E+1	1.700E+1	1.600E+1	1.700E+1	2.200E+1	3.600E+1	5.200E+1	6.400E+1	9.000E+0	1.000E+1	1.700E+1	2.500E+1	2.000E+1	2.000E+1	2.000E+1	1.000E+0	0.000E+0	0.000E+0	0.000E+0	0.000E+0	0.000E+0	0.000E+0	0.000E+0	0.000E+0	0.000E+0	0.000E+0	0.000E+0	0.000E+0	2.000E+0	8.000E+0	3.000E+1	1.270E+2	5.940E+2	2.295E+3	7.375E+3	1.810E+4	3.187E+4	3.990E+4	3.933E+4	3.129E+4	1.920E+4	8.970E+3	3.388E+3	1.049E+3	2.630E+2	7.000E+1	1.600E+1	3.000E+0	0.000E+0	0.000E+0	0.000E+0	0.000E+0	0.000E+0	1.000E+0	0.000E+0	0.000E+0	1.000E+0	0.000E+0	0.000E+0	0.000E+0	0.000E+0	0.000E+0	0.000E+0	0.000E+0	1.000E+0	0.000E+0	0.000E+0	0.000E+0	0.000E+0	0.000E+0	0.000E+0	1.000E+0	0.000E+0	0.000E+0	0.000E+0	0.000E+0	0.000E+0	0.000E+0
1.000E+0	1.000E+0	1.000E+0	1.000E+0	0.000E+0	0.000E+0	1.000E+0	1.000E+0	0.000E+0	0.000E+0	0.000E+0	0.000E+0	0.000E+0	0.000E+0	0.000E+0	0.000E+0	0.000E+0	0.000E+0	0.000E+0	0.000E+0	0.000E+0	0.000E+0	0.000E+0	0.000E+0	1.100E+1	1.700E+1	1.800E+1	2.300E+1	2.400E+1	2.800E+1	2.300E+1	1.800E+1	2.800E+1	1.400E+1	3.000E+1	1.900E+1	2.200E+1	2.300E+1	2.700E+1	3.300E+1	4.600E+1	4.400E+1	3.300E+1	3.700E+1	2.600E+1	1.700E+1	2.400E+1	3.100E+1	2.100E+1	1.900E+1	2.800E+1	2.100E+1	2.300E+1	2.700E+1	3.100E+1	2.300E+1	5.000E+1	4.200E+1	1.800E+1	1.800E+1	9.000E+0	1.400E+1	1.900E+1	2.300E+1	2.300E+1	1.000E+0	0.000E+0	0.000E+0	0.000E+0	0.000E+0	0.000E+0	0.000E+0	0.000E+0	0.000E+0	0.000E+0	0.000E+0	0.000E+0	0.000E+0	0.000E+0	9.000E+0	3.800E+1	1.880E+2	7.200E+2	2.426E+3	7.078E+3	1.785E+4	3.030E+4	3.784E+4	3.732E+4	2.980E+4	1.884E+4	9.025E+3	3.683E+3	1.243E+3	3.230E+2	7.200E+1	1.200E+1	2.000E+0	2.000E+0	0.000E+0	2.000E+0	1.000E+0	0.000E+0	0.000E+0	0.000E+0	0.000E+0	0.000E+0	0.000E+0	0.000E+0	0.000E+0	0.000E+0	0.000E+0	0.000E+0	0.000E+0	0.000E+0	0.000E+0	0.000E+0	0.000E+0	0.000E+0	1.000E+0	0.000E+0	0.000E+0	0.000E+0	0.000E+0	0.000E+0	0.000E+0	0.000E+0	0.000E+0
0.000E+0	0.000E+0	0.000E+0	0.000E+0	0.000E+0	0.000E+0	0.000E+0	0.000E+0	0.000E+0	0.000E+0	0.000E+0	0.000E+0	0.000E+0	0.000E+0	0.000E+0	0.000E+0	0.000E+0	1.000E+0	0.000E+0	0.000E+0	0.000E+0	0.000E+0	1.000E+0	1.000E+0	7.000E+0	1.700E+1	2.000E+1	2.600E+1	2.100E+1	2.600E+1	3.600E+1	2.900E+1	2.700E+1	2.900E+1	2.400E+1	2.700E+1	3.100E+1	2.600E+1	2.900E+1	3.700E+1	5.200E+1	4.300E+1	4.300E+1	3.400E+1	2.500E+1	2.800E+1	3.400E+1	3.700E+1	2.600E+1	2.400E+1	1.900E+1	2.600E+1	1.200E+1	2.600E+1	2.700E+1	3.400E+1	3.900E+1	4.800E+1	1.400E+1	1.500E+1	1.500E+1	2.000E+1	2.300E+1	2.000E+1	2.300E+1	0.000E+0	0.000E+0	0.000E+0	1.000E+0	0.000E+0	0.000E+0	0.000E+0	0.000E+0	0.000E+0	0.000E+0	0.000E+0	1.000E+0	1.000E+0	1.000E+0	8.000E+0	2.600E+1	1.510E+2	6.700E+2	2.492E+3	7.580E+3	1.849E+4	3.209E+4	3.994E+4	3.939E+4	3.148E+4	1.909E+4	8.728E+3	3.316E+3	1.027E+3	2.680E+2	6.200E+1	1.200E+1	4.000E+0	4.000E+0	0.000E+0	0.000E+0	0.000E+0	0.000E+0	0.000E+0	0.000E+0	0.000E+0	0.000E+0	0.000E+0	1.000E+0	1.000E+0	0.000E+0	0.000E+0	0.000E+0	0.000E+0	0.000E+0	0.000E+0	1.000E+0	0.000E+0	0.000E+0	0.000E+0	0.000E+0	0.000E+0	0.000E+0	1.000E+0	1.000E+0	1.000E+0	0.000E+0	0.000E+0
0.000E+0	0.000E+0	0.000E+0	0.000E+0	0.000E+0	0.000E+0	0.000E+0	0.000E+0	0.000E+0	0.000E+0	1.000E+0	0.000E+0	1.000E+0	0.000E+0	0.000E+0	0.000E+0	0.000E+0	0.000E+0	0.000E+0	0.000E+0	0.000E+0	0.000E+0	0.000E+0	1.000E+0	7.000E+0	1.700E+1	2.100E+1	1.800E+1	1.900E+1	2.600E+1	1.900E+1	2.600E+1	2.900E+1	1.800E+1	3.100E+1	2.900E+1	2.500E+1	3.200E+1	3.100E+1	4.000E+1	3.800E+1	4.600E+1	4.400E+1	3.000E+1	2.800E+1	1.800E+1	1.200E+1	1.200E+1	3.300E+1	1.600E+1	2.300E+1	2.900E+1	2.300E+1	3.600E+1	2.000E+1	4.600E+1	4.600E+1	6.000E+1	2.100E+1	1.300E+1	1.500E+1	1.300E+1	1.900E+1	2.400E+1	2.500E+1	0.000E+0	0.000E+0	0.000E+0	0.000E+0	0.000E+0	1.000E+0	0.000E+0	0.000E+0	0.000E+0	0.000E+0	1.000E+0	0.000E+0	2.000E+0	2.000E+0	1.100E+1	3.500E+1	1.710E+2	7.730E+2	2.787E+3	8.630E+3	1.893E+4	3.093E+4	3.829E+4	3.787E+4	3.031E+4	1.903E+4	9.439E+3	4.092E+3	1.397E+3	4.240E+2	1.000E+2	1.600E+1	8.000E+0	1.000E+0	0.000E+0	0.000E+0	1.000E+0	0.000E+0	0.000E+0	0.000E+0	0.000E+0	0.000E+0	0.000E+0	0.000E+0	0.000E+0	0.000E+0	0.000E+0	0.000E+0	0.000E+0	0.000E+0	0.000E+0	0.000E+0	0.000E+0	0.000E+0	0.000E+0	0.000E+0	0.000E+0	0.000E+0	0.000E+0	0.000E+0	0.000E+0	0.000E+0	0.000E+0
0.000E+0	0.000E+0	1.000E+0	0.000E+0	1.000E+0	0.000E+0	0.000E+0	0.000E+0	0.000E+0	0.000E+0	0.000E+0	1.000E+0	0.000E+0	0.000E+0	0.000E+0	0.000E+0	0.000E+0	1.000E+0	0.000E+0	0.000E+0	0.000E+0	0.000E+0	0.000E+0	0.000E+0	4.000E+0	1.400E+1	1.800E+1	2.800E+1	2.700E+1	1.800E+1	2.000E+1	2.500E+1	2.000E+1	1.500E+1	2.800E+1	2.000E+1	2.900E+1	4.200E+1	2.900E+1	3.100E+1	3.800E+1	5.100E+1	3.800E+1	3.400E+1	3.300E+1	2.000E+1	2.500E+1	2.800E+1	3.700E+1	3.000E+1	2.600E+1	3.700E+1	3.300E+1	2.400E+1	2.800E+1	4.700E+1	4.200E+1	5.800E+1	1.800E+1	1.500E+1	1.200E+1	2.600E+1	2.300E+1	2.800E+1	2.700E+1	1.000E+0	0.000E+0	0.000E+0	1.000E+0	0.000E+0	1.000E+0	0.000E+0	0.000E+0	0.000E+0	0.000E+0	2.000E+0	1.000E+0	1.000E+0	2.000E+0	1.200E+1	4.100E+1	1.520E+2	7.070E+2	2.766E+3	8.515E+3	1.828E+4	3.045E+4	3.956E+4	3.909E+4	2.964E+4	1.852E+4	9.327E+3	3.646E+3	1.004E+3	2.300E+2	4.700E+1	1.200E+1	2.000E+0	0.000E+0	1.000E+0	1.000E+0	0.000E+0	0.000E+0	0.000E+0	0.000E+0	1.000E+0	0.000E+0	0.000E+0	0.000E+0	0.000E+0	0.000E+0	0.000E+0	0.000E+0	0.000E+0	1.000E+0	0.000E+0	0.000E+0	0.000E+0	0.000E+0	0.000E+0	1.000E+0	0.000E+0	0.000E+0	0.000E+0	0.000E+0	0.000E+0	0.000E+0	0.000E+0
0.000E+0	0.000E+0	0.000E+0	1.000E+0	0.000E+0	0.000E+0	0.000E+0	0.000E+0	0.000E+0	0.000E+0	0.000E+0	0.000E+0	0.000E+0	0.000E+0	0.000E+0	0.000E+0	0.000E+0	0.000E+0	0.000E+0	1.000E+0	0.000E+0	0.000E+0	1.000E+0	1.000E+0	6.000E+0	2.300E+1	1.500E+1	1.600E+1	2.500E+1	2.100E+1	1.600E+1	2.600E+1	2.200E+1	2.100E+1	2.100E+1	2.500E+1	2.800E+1	2.900E+1	3.200E+1	3.800E+1	3.600E+1	3.000E+1	3.900E+1	2.100E+1	3.000E+1	2.000E+1	2.600E+1	1.900E+1	2.600E+1	1.900E+1	2.100E+1	3.000E+1	1.800E+1	2.300E+1	3.300E+1	3.600E+1	3.100E+1	5.400E+1	1.700E+1	1.800E+1	2.400E+1	2.000E+1	1.400E+1	2.400E+1	2.500E+1	1.000E+0	1.000E+0	0.000E+0	0.000E+0	0.000E+0	1.000E+0	0.000E+0	0.000E+0	0.000E+0	0.000E+0	0.000E+0	0.000E+0	1.000E+0	4.000E+0	6.000E+0	2.800E+1	1.260E+2	6.660E+2	2.471E+3	7.318E+3	1.752E+4	3.097E+4	3.915E+4	3.838E+4	2.995E+4	1.868E+4	8.568E+3	2.978E+3	8.880E+2	2.360E+2	4.900E+1	1.400E+1	3.000E+0	0.000E+0	0.000E+0	2.000E+0	0.000E+0	1.000E+0	1.000E+0	0.000E+0	0.000E+0	0.000E+0	0.000E+0	1.000E+0	0.000E+0	0.000E+0	0.000E+0	0.000E+0	1.000E+0	0.000E+0	0.000E+0	0.000E+0	0.000E+0	1.000E+0	1.000E+0	1.000E+0	1.000E+0	0.000E+0	0.000E+0	1.000E+0	0.000E+0	2.000E+0	0.000E+0
0.000E+0	0.000E+0	0.000E+0	0.000E+0	0.000E+0	0.000E+0	0.000E+0	0.000E+0	1.000E+0	0.000E+0	0.000E+0	0.000E+0	0.000E+0	1.000E+0	0.000E+0	0.000E+0	0.000E+0	0.000E+0	0.000E+0	1.000E+0	1.000E+0	0.000E+0	0.000E+0	0.000E+0	9.000E+0	1.900E+1	2.000E+1	1.900E+1	2.400E+1	2.300E+1	2.600E+1	2.900E+1	2.700E+1	2.100E+1	1.900E+1	2.800E+1	1.600E+1	3.000E+1	2.900E+1	4.100E+1	4.000E+1	4.300E+1	3.700E+1	3.300E+1	1.800E+1	2.800E+1	2.800E+1	2.900E+1	2.300E+1	2.000E+1	2.400E+1	2.900E+1	2.000E+1	2.700E+1	3.200E+1	4.400E+1	4.700E+1	5.000E+1	1.200E+1	1.500E+1	1.600E+1	1.800E+1	2.300E+1	2.100E+1	2.400E+1	1.000E+0	2.000E+0	0.000E+0	0.000E+0	0.000E+0	0.000E+0	0.000E+0	0.000E+0	0.000E+0	1.000E+0	1.000E+0	0.000E+0	2.000E+0	5.000E+0	6.000E+0	4.700E+1	1.570E+2	6.520E+2	2.348E+3	7.622E+3	1.782E+4	2.988E+4	3.792E+4	3.752E+4	2.947E+4	1.873E+4	9.014E+3	3.283E+3	9.690E+2	2.580E+2	6.300E+1	1.600E+1	5.000E+0	0.000E+0	0.000E+0	0.000E+0	0.000E+0	0.000E+0	2.000E+0	1.000E+0	0.000E+0	0.000E+0	0.000E+0	0.000E+0	0.000E+0	0.000E+0	0.000E+0	0.000E+0	0.000E+0	0.000E+0	0.000E+0	0.000E+0	0.000E+0	0.000E+0	0.000E+0	0.000E+0	0.000E+0	0.000E+0	0.000E+0	0.000E+0	1.000E+0	0.000E+0	0.000E+0
0.000E+0	0.000E+0	0.000E+0	0.000E+0	2.000E+0	0.000E+0	0.000E+0	0.000E+0	0.000E+0	0.000E+0	0.000E+0	0.000E+0	0.000E+0	0.000E+0	0.000E+0	1.000E+0	0.000E+0	0.000E+0	0.000E+0	0.000E+0	0.000E+0	0.000E+0	0.000E+0	0.000E+0	1.000E+1	2.700E+1	1.400E+1	1.800E+1	2.000E+1	1.600E+1	2.800E+1	2.800E+1	2.500E+1	1.300E+1	3.000E+1	2.200E+1	3.000E+1	3.900E+1	3.500E+1	3.600E+1	4.600E+1	3.900E+1	3.200E+1	3.600E+1	2.000E+1	2.700E+1	2.100E+1	2.600E+1	2.100E+1	2.300E+1	2.400E+1	2.900E+1	3.300E+1	2.100E+1	3.400E+1	3.400E+1	3.700E+1	5.400E+1	1.600E+1	1.000E+1	1.100E+1	2.700E+1	1.600E+1	3.500E+1	3.200E+1	0.000E+0	0.000E+0	1.000E+0	0.000E+0	0.000E+0	0.000E+0	0.000E+0	0.000E+0	0.000E+0	0.000E+0	0.000E+0	0.000E+0	1.000E+0	2.000E+0	8.000E+0	2.400E+1	1.230E+2	7.300E+2	2.653E+3	7.959E+3	1.761E+4	3.013E+4	3.857E+4	3.811E+4	3.013E+4	1.874E+4	8.892E+3	3.474E+3	1.011E+3	2.290E+2	6.300E+1	8.000E+0	0.000E+0	0.000E+0	1.000E+0	0.000E+0	0.000E+0	0.000E+0	0.000E+0	0.000E+0	0.000E+0	0.000E+0	0.000E+0	0.000E+0	0.000E+0	0.000E+0	0.000E+0	0.000E+0	0.000E+0	0.000E+0	0.000E+0	0.000E+0	0.000E+0	0.000E+0	0.000E+0	0.000E+0	1.000E+0	2.000E+0	0.000E+0	2.000E+0	0.000E+0	0.000E+0	2.000E+0
0.000E+0	0.000E+0	2.000E+0	0.000E+0	0.000E+0	0.000E+0	0.000E+0	0.000E+0	0.000E+0	0.000E+0	0.000E+0	0.000E+0	0.000E+0	0.000E+0	0.000E+0	0.000E+0	0.000E+0	0.000E+0	0.000E+0	0.000E+0	0.000E+0	0.000E+0	0.000E+0	0.000E+0	8.000E+0	2.300E+1	1.800E+1	2.100E+1	2.000E+1	1.800E+1	1.900E+1	2.900E+1	3.200E+1	2.100E+1	2.000E+1	2.500E+1	2.300E+1	2.900E+1	2.900E+1	5.300E+1	3.800E+1	3.100E+1	2.900E+1	2.900E+1	2.400E+1	2.400E+1	2.400E+1	2.000E+1	2.300E+1	2.500E+1	3.300E+1	3.000E+1	3.000E+1	2.700E+1	2.200E+1	3.400E+1	4.300E+1	6.100E+1	1.500E+1	1.700E+1	1.300E+1	1.600E+1	1.400E+1	2.800E+1	3.100E+1	0.000E+0	1.000E+0	0.000E+0	1.000E+0	0.000E+0	1.000E+0	0.000E+0	1.000E+0	0.000E+0	0.000E+0	0.000E+0	2.000E+0	2.000E+0	2.000E+0	7.000E+0	3.100E+1	1.090E+2	5.570E+2	2.366E+3	7.465E+3	1.762E+4	3.062E+4	3.934E+4	3.863E+4	3.008E+4	1.844E+4	8.583E+3	3.179E+3	9.850E+2	2.320E+2	5.300E+1	1.200E+1	4.000E+0	1.000E+0	0.000E+0	1.000E+0	0.000E+0	1.000E+0	0.000E+0	0.000E+0	0.000E+0	1.000E+0	0.000E+0	0.000E+0	0.000E+0	0.000E+0	0.000E+0	0.000E+0	0.000E+0	0.000E+0	0.000E+0	0.000E+0	0.000E+0	0.000E+0	0.000E+0	0.000E+0	0.000E+0	2.000E+0	0.000E+0	0.000E+0	0.000E+0	0.000E+0	0.000E+0
1.000E+0	0.000E+0	0.000E+0	0.000E+0	0.000E+0	0.000E+0	0.000E+0	0.000E+0	0.000E+0	0.000E+0	0.000E+0	0.000E+0	0.000E+0	0.000E+0	1.000E+0	0.000E+0	0.000E+0	0.000E+0	0.000E+0	0.000E+0	0.000E+0	0.000E+0	0.000E+0	1.000E+0	9.000E+0	1.900E+1	2.000E+1	1.500E+1	1.600E+1	2.500E+1	2.100E+1	1.600E+1	2.900E+1	2.400E+1	2.500E+1	2.000E+1	2.700E+1	3.000E+1	3.300E+1	3.500E+1	4.500E+1	4.300E+1	3.500E+1	3.800E+1	2.300E+1	2.300E+1	2.400E+1	3.100E+1	1.600E+1	2.300E+1	3.100E+1	2.900E+1	2.300E+1	2.100E+1	3.200E+1	3.100E+1	4.800E+1	5.800E+1	1.700E+1	2.300E+1	2.000E+1	2.500E+1	2.700E+1	2.000E+1	2.200E+1	1.000E+0	0.000E+0	0.000E+0	0.000E+0	0.000E+0	0.000E+0	1.000E+0	0.000E+0	0.000E+0	0.000E+0	0.000E+0	0.000E+0	0.000E+0	2.000E+0	9.000E+0	3.200E+1	1.410E+2	5.980E+2	2.530E+3	7.651E+3	1.802E+4	3.042E+4	3.876E+4	3.854E+4	2.999E+4	1.839E+4	8.662E+3	3.009E+3	8.750E+2	2.630E+2	6.300E+1	1.700E+1	0.000E+0	1.000E+0	0.000E+0	0.000E+0	0.000E+0	0.000E+0	0.000E+0	0.000E+0	0.000E+0	0.000E+0	1.000E+0	0.000E+0	0.000E+0	1.000E+0	1.000E+0	1.000E+0	0.000E+0	0.000E+0	0.000E+0	1.000E+0	0.000E+0	0.000E+0	0.000E+0	0.000E+0	0.000E+0	0.000E+0	1.000E+0	0.000E+0	0.000E+0	0.000E+0	0.000E+0
0.000E+0	0.000E+0	0.000E+0	0.000E+0	1.000E+0	0.000E+0	0.000E+0	0.000E+0	0.000E+0	0.000E+0	0.000E+0	1.000E+0	0.000E+0	0.000E+0	0.000E+0	0.000E+0	0.000E+0	0.000E+0	0.000E+0	0.000E+0	1.000E+0	0.000E+0	0.000E+0	1.000E+0	5.000E+0	1.700E+1	1.900E+1	1.800E+1	2.300E+1	2.600E+1	2.100E+1	2.400E+1	2.200E+1	2.800E+1	1.800E+1	2.600E+1	2.500E+1	2.900E+1	3.200E+1	4.200E+1	5.600E+1	2.800E+1	4.000E+1	2.800E+1	1.800E+1	1.700E+1	2.800E+1	2.500E+1	2.800E+1	2.700E+1	2.800E+1	2.800E+1	2.500E+1	3.400E+1	3.400E+1	4.500E+1	3.400E+1	6.400E+1	1.100E+1	1.700E+1	2.000E+1	2.200E+1	1.900E+1	2.000E+1	2.500E+1	2.000E+0	0.000E+0	0.000E+0	0.000E+0	0.000E+0	0.000E+0	0.000E+0	0.000E+0	0.000E+0	2.000E+0	0.000E+0	1.000E+0	0.000E+0	1.000E+0	6.000E+0	2.500E+1	1.370E+2	5.660E+2	2.232E+3	7.338E+3	1.796E+4	3.145E+4	3.993E+4	3.911E+4	3.020E+4	1.864E+4	8.779E+3	3.140E+3	8.890E+2	2.380E+2	4.800E+1	1.500E+1	4.000E+0	0.000E+0	0.000E+0	0.000E+0	0.000E+0	1.000E+0	0.000E+0	1.000E+0	0.000E+0	0.000E+0	0.000E+0	0.000E+0	0.000E+0	0.000E+0	0.000E+0	0.000E+0	0.000E+0	1.000E+0	0.000E+0	0.000E+0	0.000E+0	0.000E+0	0.000E+0	0.000E+0	0.000E+0	0.000E+0	0.000E+0	1.000E+0	0.000E+0	0.000E+0	0.000E+0
0.000E+0	0.000E+0	0.000E+0	1.000E+0	0.000E+0	0.000E+0	0.000E+0	0.000E+0	0.000E+0	1.000E+0	0.000E+0	0.000E+0	0.000E+0	0.000E+0	0.000E+0	0.000E+0	0.000E+0	0.000E+0	0.000E+0	0.000E+0	0.000E+0	0.000E+0	0.000E+0	0.000E+0	3.000E+0	1.500E+1	1.000E+1	1.500E+1	1.900E+1	2.200E+1	2.600E+1	2.100E+1	3.100E+1	2.000E+1	1.800E+1	3.600E+1	3.000E+1	2.600E+1	4.400E+1	4.000E+1	6.300E+1	4.100E+1	4.700E+1	3.400E+1	2.100E+1	2.200E+1	2.000E+1	2.400E+1	3.000E+1	2.700E+1	2.100E+1	3.300E+1	2.200E+1	3.200E+1	1.600E+1	3.300E+1	4.000E+1	5.700E+1	1.500E+1	1.300E+1	2.000E+1	1.200E+1	1.400E+1	2.100E+1	3.000E+1	0.000E+0	0.000E+0	0.000E+0	0.000E+0	0.000E+0	0.000E+0	0.000E+0	0.000E+0	0.000E+0	2.000E+0	0.000E+0	0.000E+0	0.000E+0	2.000E+0	8.000E+0	2.900E+1	1.580E+2	6.750E+2	2.514E+3	7.971E+3	1.810E+4	3.037E+4	3.854E+4	3.855E+4	2.987E+4	1.817E+4	8.779E+3	3.250E+3	7.970E+2	1.930E+2	3.700E+1	1.300E+1	3.000E+0	2.000E+0	0.000E+0	1.000E+0	0.000E+0	0.000E+0	1.000E+0	1.000E+0	1.000E+0	0.000E+0	0.000E+0	0.000E+0	0.000E+0	0.000E+0	0.000E+0	0.000E+0	0.000E+0	1.000E+0	0.000E+0	0.000E+0	1.000E+0	1.000E+0	3.000E+0	0.000E+0	0.000E+0	0.000E+0	0.000E+0	0.000E+0	1.000E+0	0.000E+0	0.000E+0
0.000E+0	0.000E+0	0.000E+0	1.000E+0	0.000E+0	0.000E+0	1.000E+0	0.000E+0	0.000E+0	0.000E+0	1.000E+0	0.000E+0	0.000E+0	0.000E+0	0.000E+0	0.000E+0	0.000E+0	0.000E+0	1.000E+0	0.000E+0	0.000E+0	1.000E+0	0.000E+0	1.000E+0	2.000E+0	1.300E+1	1.100E+1	1.800E+1	1.900E+1	2.300E+1	2.800E+1	3.600E+1	1.900E+1	2.500E+1	2.000E+1	1.700E+1	2.800E+1	3.500E+1	4.400E+1	4.600E+1	6.200E+1	5.300E+1	3.500E+1	2.900E+1	2.200E+1	2.600E+1	2.800E+1	3.200E+1	2.700E+1	4.300E+1	2.900E+1	3.400E+1	3.300E+1	3.000E+1	3.500E+1	4.100E+1	3.600E+1	4.900E+1	1.900E+1	1.200E+1	2.000E+1	2.000E+1	1.900E+1	2.600E+1	2.100E+1	1.000E+0	0.000E+0	0.000E+0	0.000E+0	0.000E+0	0.000E+0	0.000E+0	0.000E+0	0.000E+0	0.000E+0	0.000E+0	0.000E+0	1.000E+0	0.000E+0	9.000E+0	3.200E+1	1.740E+2	7.680E+2	2.773E+3	7.786E+3	1.801E+4	3.071E+4	3.909E+4	3.851E+4	3.051E+4	1.921E+4	9.105E+3	3.181E+3	8.560E+2	2.240E+2	7.900E+1	1.000E+1	2.000E+0	0.000E+0	0.000E+0	2.000E+0	0.000E+0	1.000E+0	0.000E+0	0.000E+0	0.000E+0	0.000E+0	0.000E+0	0.000E+0	1.000E+0	0.000E+0	0.000E+0	0.000E+0	0.000E+0	0.000E+0	0.000E+0	0.000E+0	0.000E+0	0.000E+0	0.000E+0	0.000E+0	0.000E+0	0.000E+0	0.000E+0	0.000E+0	0.000E+0	0.000E+0	0.000E+0
0.000E+0	0.000E+0	0.000E+0	0.000E+0	0.000E+0	1.000E+0	0.000E+0	0.000E+0	0.000E+0	0.000E+0	0.000E+0	0.000E+0	1.000E+0	1.000E+0	0.000E+0	0.000E+0	0.000E+0	0.000E+0	1.000E+0	0.000E+0	1.000E+0	0.000E+0	0.000E+0	0.000E+0	8.000E+0	1.100E+1	2.300E+1	2.300E+1	1.900E+1	2.500E+1	3.100E+1	3.200E+1	1.600E+1	2.300E+1	2.400E+1	2.600E+1	2.600E+1	2.700E+1	3.600E+1	5.600E+1	5.500E+1	5.200E+1	4.200E+1	2.100E+1	2.400E+1	2.700E+1	1.800E+1	2.400E+1	2.200E+1	3.900E+1	2.100E+1	2.500E+1	3.000E+1	3.000E+1	2.800E+1	4.200E+1	4.200E+1	4.700E+1	2.200E+1	1.600E+1	1.800E+1	2.300E+1	1.900E+1	2.100E+1	2.300E+1	0.000E+0	0.000E+0	0.000E+0	0.000E+0	0.000E+0	0.000E+0	1.000E+0	0.000E+0	0.000E+0	0.000E+0	0.000E+0	1.000E+0	0.000E+0	2.000E+0	2.000E+0	3.900E+1	1.670E+2	6.560E+2	2.168E+3	7.373E+3	1.891E+4	3.171E+4	3.999E+4	3.970E+4	3.169E+4	1.903E+4	8.546E+3	3.196E+3	9.370E+2	2.480E+2	3.900E+1	1.500E+1	1.000E+0	0.000E+0	1.000E+0	0.000E+0	1.000E+0	0.000E+0	1.000E+0	0.000E+0	0.000E+0	0.000E+0	0.000E+0	0.000E+0	0.000E+0	0.000E+0	0.000E+0	1.000E+0	0.000E+0	0.000E+0	0.000E+0	0.000E+0	0.000E+0	0.000E+0	0.000E+0	0.000E+0	0.000E+0	0.000E+0	0.000E+0	0.000E+0	0.000E+0	0.000E+0	0.000E+0
0.000E+0	0.000E+0	0.000E+0	0.000E+0	0.000E+0	0.000E+0	0.000E+0	0.000E+0	0.000E+0	0.000E+0	1.000E+0	0.000E+0	0.000E+0	0.000E+0	1.000E+0	0.000E+0	0.000E+0	0.000E+0	0.000E+0	0.000E+0	0.000E+0	1.000E+0	0.000E+0	0.000E+0	7.000E+0	2.700E+1	2.600E+1	2.900E+1	2.300E+1	2.700E+1	1.700E+1	2.300E+1	2.600E+1	3.000E+1	1.900E+1	2.700E+1	3.000E+1	2.700E+1	4.000E+1	4.100E+1	5.200E+1	4.500E+1	2.900E+1	2.700E+1	2.800E+1	2.600E+1	2.000E+1	2.200E+1	2.600E+1	2.700E+1	3.000E+1	2.800E+1	2.400E+1	2.900E+1	4.000E+1	5.600E+1	5.000E+1	5.400E+1	1.900E+1	1.600E+1	2.000E+1	2.000E+1	1.100E+1	2.500E+1	2.200E+1	1.000E+0	0.000E+0	0.000E+0	0.000E+0	0.000E+0	0.000E+0	0.000E+0	0.000E+0	0.000E+0	0.000E+0	0.000E+0	0.000E+0	0.000E+0	5.000E+0	7.000E+0	2.800E+1	1.700E+2	8.120E+2	2.735E+3	8.026E+3	1.900E+4	3.172E+4	3.964E+4	3.937E+4	3.174E+4	1.925E+4	8.836E+3	3.127E+3	9.190E+2	2.410E+2	5.400E+1	1.000E+1	5.000E+0	0.000E+0	1.000E+0	0.000E+0	0.000E+0	0.000E+0	0.000E+0	0.000E+0	0.000E+0	1.000E+0	0.000E+0	0.000E+0	0.000E+0	0.000E+0	0.000E+0	1.000E+0	0.000E+0	0.000E+0	1.000E+0	0.000E+0	0.000E+0	0.000E+0	0.000E+0	0.000E+0	0.000E+0	0.000E+0	0.000E+0	0.000E+0	0.000E+0	0.000E+0	0.000E+0
0.000E+0	0.000E+0	0.000E+0	1.000E+0	0.000E+0	1.000E+0	0.000E+0	1.000E+0	0.000E+0	0.000E+0	0.000E+0	0.000E+0	0.000E+0	0.000E+0	0.000E+0	0.000E+0	0.000E+0	0.000E+0	0.000E+0	0.000E+0	0.000E+0	0.000E+0	0.000E+0	2.000E+0	8.000E+0	1.900E+1	1.700E+1	1.900E+1	1.700E+1	1.900E+1	3.000E+1	2.400E+1	2.300E+1	3.100E+1	2.600E+1	1.600E+1	3.200E+1	2.100E+1	4.900E+1	4.800E+1	6.700E+1	4.800E+1	5.400E+1	3.300E+1	1.700E+1	2.500E+1	2.400E+1	1.800E+1	3.300E+1	2.200E+1	3.500E+1	3.400E+1	2.600E+1	2.000E+1	4.100E+1	4.800E+1	4.800E+1	5.300E+1	1.700E+1	2.300E+1	1.700E+1	1.900E+1	1.700E+1	2.000E+1	3.100E+1	0.000E+0	0.000E+0	0.000E+0	0.000E+0	0.000E+0	0.000E+0	0.000E+0	0.000E+0	0.000E+0	0.000E+0	0.000E+0	1.000E+0	1.000E+0	3.000E+0	7.000E+0	2.600E+1	1.510E+2	6.070E+2	2.408E+3	8.060E+3	1.879E+4	3.153E+4	4.019E+4	4.011E+4	3.093E+4	1.885E+4	8.896E+3	3.323E+3	9.410E+2	1.970E+2	4.700E+1	8.000E+0	3.000E+0	2.000E+0	0.000E+0	0.000E+0	0.000E+0	0.000E+0	0.000E+0	0.000E+0	0.000E+0	1.000E+0	0.000E+0	1.000E+0	0.000E+0	0.000E+0	1.000E+0	1.000E+0	0.000E+0	0.000E+0	0.000E+0	0.000E+0	0.000E+0	0.000E+0	0.000E+0	2.000E+0	0.000E+0	0.000E+0	1.000E+0	0.000E+0	0.000E+0	0.000E+0	0.000E+0
0.000E+0	0.000E+0	0.000E+0	0.000E+0	0.000E+0	2.000E+0	0.000E+0	0.000E+0	0.000E+0	0.000E+0	0.000E+0	1.000E+0	0.000E+0	0.000E+0	0.000E+0	1.000E+0	1.000E+0	0.000E+0	0.000E+0	0.000E+0	0.000E+0	0.000E+0	0.000E+0	0.000E+0	2.000E+0	1.500E+1	2.300E+1	2.000E+1	2.200E+1	2.700E+1	2.900E+1	2.000E+1	2.300E+1	2.800E+1	1.400E+1	1.500E+1	3.300E+1	2.900E+1	3.000E+1	5.600E+1	5.500E+1	5.600E+1	5.100E+1	3.200E+1	2.300E+1	1.900E+1	2.100E+1	2.100E+1	2.200E+1	2.700E+1	2.800E+1	2.600E+1	2.800E+1	2.400E+1	3.500E+1	4.700E+1	4.000E+1	3.700E+1	1.600E+1	1.400E+1	1.600E+1	1.200E+1	2.300E+1	2.500E+1	2.900E+1	0.000E+0	1.000E+0	0.000E+0	0.000E+0	0.000E+0	0.000E+0	0.000E+0	0.000E+0	0.000E+0	0.000E+0	0.000E+0	0.000E+0	2.000E+0	1.000E+0	6.000E+0	2.900E+1	1.350E+2	5.580E+2	2.283E+3	8.296E+3	1.873E+4	3.129E+4	3.965E+4	3.934E+4	3.049E+4	1.868E+4	8.830E+3	3.362E+3	1.035E+3	2.740E+2	7.000E+1	1.300E+1	6.000E+0	0.000E+0	0.000E+0	1.000E+0	0.000E+0	0.000E+0	0.000E+0	0.000E+0	0.000E+0	1.000E+0	0.000E+0	0.000E+0	0.000E+0	0.000E+0	0.000E+0	0.000E+0	0.000E+0	0.000E+0	0.000E+0	0.000E+0	0.000E+0	0.000E+0	1.000E+0	0.000E+0	0.000E+0	1.000E+0	0.000E+0	0.000E+0	0.000E+0	2.000E+0	1.000E+0
0.000E+0	0.000E+0	0.000E+0	0.000E+0	0.000E+0	0.000E+0	0.000E+0	0.000E+0	0.000E+0	0.000E+0	0.000E+0	0.000E+0	0.000E+0	0.000E+0	0.000E+0	0.000E+0	0.000E+0	0.000E+0	0.000E+0	0.000E+0	0.000E+0	0.000E+0	1.000E+0	0.000E+0	6.000E+0	1.500E+1	2.100E+1	2.500E+1	1.600E+1	2.300E+1	2.600E+1	2.400E+1	2.400E+1	2.000E+1	2.700E+1	2.100E+1	3.600E+1	2.300E+1	5.200E+1	4.400E+1	6.100E+1	5.300E+1	4.300E+1	2.500E+1	2.900E+1	1.600E+1	1.800E+1	2.800E+1	2.400E+1	3.400E+1	3.000E+1	3.700E+1	3.200E+1	3.400E+1	5.000E+1	4.500E+1	5.400E+1	6.400E+1	1.800E+1	2.200E+1	1.200E+1	1.200E+1	1.700E+1	2.200E+1	1.900E+1	0.000E+0	0.000E+0	0.000E+0	0.000E+0	0.000E+0	1.000E+0	0.000E+0	0.000E+0	0.000E+0	0.000E+0	0.000E+0	0.000E+0	1.000E+0	1.000E+0	8.000E+0	2.700E+1	1.530E+2	6.870E+2	2.561E+3	7.351E+3	1.826E+4	3.193E+4	4.087E+4	3.980E+4	3.141E+4	1.921E+4	8.845E+3	3.045E+3	8.450E+2	2.450E+2	6.500E+1	1.600E+1	7.000E+0	1.000E+0	0.000E+0	0.000E+0	1.000E+0	0.000E+0	0.000E+0	0.000E+0	0.000E+0	0.000E+0	0.000E+0	0.000E+0	0.000E+0	0.000E+0	0.000E+0	0.000E+0	0.000E+0	0.000E+0	0.000E+0	0.000E+0	0.000E+0	0.000E+0	0.000E+0	0.000E+0	0.000E+0	1.000E+0	0.000E+0	0.000E+0	2.000E+0	0.000E+0	0.000E+0
