# data file: O:\Labs\Laser-Lab 7-105a\BLS\BLS Data\2017-06-01\NRCL\2017-06-01_M2_const3GHz_0dBm_kepco_-0p15to0p15_both_pos_F3.tha
# data: TFPDAS4-Project - COUNTS ACC
# x axis: Kepco_XPS - Control Voltage Kepco
# y axis: Frequency
# x offset/multiplier: -1.500000E-1 / 5.000000E-3
# y offset/multiplier: -6.600000E+0 / 7.500000E-2
# Agilent_E8257D - FREQUENCY (Hz) - repetition: sum
# Kepco_XPS - Control Voltage Kepco - repetition: sum
# MICROSCOPE - ScanDimension_1 - repetition: sum
# Agilent_E8257D - FREQUENCY (Hz) - value: 3.000000E+9
# Kepco_XPS - Control Voltage Kepco - value: -1.500000E-1
# MICROSCOPE - ScanDimension_1 - value: 1.000000E+0
# Frequency between: -6.600000E+0 and 2.925000E+0 GHz
0.000E+0	0.000E+0	0.000E+0	0.000E+0	0.000E+0	2.000E+0	0.000E+0	0.000E+0	2.000E+0	0.000E+0	0.000E+0	0.000E+0	0.000E+0	1.000E+0	0.000E+0	0.000E+0	0.000E+0	1.000E+0	0.000E+0	0.000E+0	0.000E+0	0.000E+0	1.000E+0	1.000E+0	1.400E+1	2.100E+1	1.900E+1	2.900E+1	2.600E+1	3.100E+1	1.600E+1	2.200E+1	2.900E+1	2.800E+1	1.500E+1	2.000E+1	2.300E+1	2.100E+1	2.200E+1	2.100E+1	4.600E+1	3.900E+1	4.000E+1	2.000E+1	2.200E+1	1.800E+1	1.300E+1	1.200E+1	1.700E+1	1.600E+1	1.200E+1	1.300E+1	1.100E+1	9.000E+0	1.500E+1	2.200E+1	3.000E+1	3.400E+1	1.200E+1	1.200E+1	1.200E+1	1.300E+1	1.500E+1	1.700E+1	1.500E+1	1.000E+0	0.000E+0	1.000E+0	0.000E+0	0.000E+0	0.000E+0	0.000E+0	0.000E+0	0.000E+0	0.000E+0	0.000E+0	0.000E+0	1.000E+0	0.000E+0	7.000E+0	2.500E+1	1.370E+2	5.970E+2	2.171E+3	7.259E+3	1.842E+4	3.235E+4	4.070E+4	3.995E+4	3.154E+4	1.958E+4	9.321E+3	3.718E+3	1.484E+3	4.720E+2	1.720E+2	6.000E+1	1.600E+1	5.000E+0	1.000E+0	0.000E+0	0.000E+0	1.000E+0	0.000E+0	0.000E+0	0.000E+0	0.000E+0	0.000E+0	0.000E+0	0.000E+0	0.000E+0	0.000E+0	0.000E+0	0.000E+0	0.000E+0	0.000E+0	0.000E+0	0.000E+0	0.000E+0	0.000E+0	0.000E+0	0.000E+0	0.000E+0	1.000E+0	0.000E+0	0.000E+0	0.000E+0	0.000E+0
0.000E+0	0.000E+0	0.000E+0	0.000E+0	0.000E+0	0.000E+0	0.000E+0	0.000E+0	0.000E+0	0.000E+0	0.000E+0	0.000E+0	0.000E+0	0.000E+0	0.000E+0	0.000E+0	0.000E+0	0.000E+0	0.000E+0	0.000E+0	1.000E+0	0.000E+0	0.000E+0	0.000E+0	1.200E+1	2.000E+1	3.800E+1	2.500E+1	2.600E+1	3.200E+1	2.800E+1	2.600E+1	2.100E+1	2.200E+1	1.400E+1	1.900E+1	2.000E+1	2.300E+1	2.500E+1	3.200E+1	4.400E+1	5.300E+1	3.300E+1	2.500E+1	1.700E+1	1.700E+1	1.800E+1	1.400E+1	1.500E+1	1.200E+1	7.000E+0	1.300E+1	8.000E+0	1.900E+1	1.100E+1	3.600E+1	2.800E+1	3.800E+1	7.000E+0	1.100E+1	1.100E+1	1.100E+1	1.400E+1	2.700E+1	1.900E+1	1.000E+0	0.000E+0	0.000E+0	0.000E+0	0.000E+0	1.000E+0	0.000E+0	0.000E+0	0.000E+0	0.000E+0	2.000E+0	0.000E+0	0.000E+0	1.000E+0	9.000E+0	2.700E+1	1.600E+2	6.330E+2	2.208E+3	7.170E+3	1.909E+4	3.326E+4	4.136E+4	4.026E+4	3.205E+4	1.931E+4	9.142E+3	3.365E+3	1.046E+3	2.630E+2	6.500E+1	1.700E+1	1.000E+0	1.000E+0	0.000E+0	0.000E+0	0.000E+0	0.000E+0	0.000E+0	1.000E+0	0.000E+0	1.000E+0	0.000E+0	2.000E+0	2.000E+0	0.000E+0	0.000E+0	0.000E+0	0.000E+0	1.000E+0	0.000E+0	0.000E+0	1.000E+0	0.000E+0	0.000E+0	0.000E+0	1.000E+0	0.000E+0	1.000E+0	0.000E+0	0.000E+0	0.000E+0	0.000E+0
0.000E+0	0.000E+0	0.000E+0	1.000E+0	0.000E+0	0.000E+0	0.000E+0	0.000E+0	0.000E+0	0.000E+0	0.000E+0	0.000E+0	0.000E+0	0.000E+0	0.000E+0	0.000E+0	0.000E+0	0.000E+0	0.000E+0	0.000E+0	0.000E+0	0.000E+0	0.000E+0	0.000E+0	1.700E+1	2.400E+1	2.800E+1	2.900E+1	2.500E+1	2.300E+1	3.700E+1	2.900E+1	3.200E+1	2.700E+1	1.200E+1	1.700E+1	2.400E+1	1.500E+1	2.500E+1	2.900E+1	4.500E+1	4.900E+1	3.400E+1	2.000E+1	1.700E+1	1.600E+1	1.500E+1	1.100E+1	1.300E+1	9.000E+0	1.200E+1	1.400E+1	1.000E+1	1.100E+1	1.400E+1	2.200E+1	3.300E+1	4.500E+1	1.200E+1	1.600E+1	9.000E+0	1.100E+1	1.600E+1	2.100E+1	2.100E+1	0.000E+0	0.000E+0	0.000E+0	0.000E+0	1.000E+0	0.000E+0	0.000E+0	0.000E+0	0.000E+0	1.000E+0	0.000E+0	1.000E+0	2.000E+0	3.000E+0	8.000E+0	2.900E+1	1.610E+2	7.050E+2	2.426E+3	7.814E+3	1.895E+4	3.256E+4	4.095E+4	4.002E+4	3.146E+4	1.926E+4	9.289E+3	3.763E+3	1.119E+3	2.420E+2	6.000E+1	1.600E+1	5.000E+0	0.000E+0	0.000E+0	0.000E+0	1.000E+0	0.000E+0	0.000E+0	0.000E+0	0.000E+0	0.000E+0	0.000E+0	2.000E+0	0.000E+0	0.000E+0	1.000E+0	0.000E+0	0.000E+0	0.000E+0	0.000E+0	0.000E+0	1.000E+0	0.000E+0	0.000E+0	0.000E+0	0.000E+0	0.000E+0	1.000E+0	1.000E+0	1.000E+0	0.000E+0	0.000E+0
0.000E+0	0.000E+0	0.000E+0	0.000E+0	0.000E+0	0.000E+0	0.000E+0	0.000E+0	2.000E+0	0.000E+0	0.000E+0	0.000E+0	0.000E+0	0.000E+0	0.000E+0	1.000E+0	0.000E+0	0.000E+0	0.000E+0	0.000E+0	0.000E+0	0.000E+0	0.000E+0	1.000E+0	1.400E+1	2.500E+1	2.500E+1	3.300E+1	2.200E+1	3.500E+1	2.800E+1	3.700E+1	2.900E+1	3.100E+1	1.300E+1	2.100E+1	2.300E+1	2.000E+1	3.000E+1	2.200E+1	5.900E+1	5.300E+1	5.300E+1	2.200E+1	1.800E+1	1.400E+1	1.900E+1	1.100E+1	1.400E+1	1.400E+1	1.600E+1	1.400E+1	8.000E+0	1.500E+1	1.600E+1	2.700E+1	3.400E+1	3.700E+1	7.000E+0	1.000E+1	1.600E+1	1.500E+1	9.000E+0	1.200E+1	1.800E+1	2.000E+0	1.000E+0	0.000E+0	0.000E+0	0.000E+0	0.000E+0	0.000E+0	0.000E+0	2.000E+0	0.000E+0	0.000E+0	0.000E+0	0.000E+0	3.000E+0	6.000E+0	3.400E+1	1.620E+2	5.950E+2	2.284E+3	7.780E+3	1.955E+4	3.277E+4	4.131E+4	4.059E+4	3.187E+4	1.896E+4	8.623E+3	3.188E+3	9.370E+2	2.000E+2	4.600E+1	8.000E+0	3.000E+0	0.000E+0	0.000E+0	0.000E+0	0.000E+0	1.000E+0	0.000E+0	0.000E+0	0.000E+0	0.000E+0	0.000E+0	0.000E+0	0.000E+0	0.000E+0	0.000E+0	0.000E+0	1.000E+0	0.000E+0	0.000E+0	0.000E+0	0.000E+0	0.000E+0	0.000E+0	0.000E+0	0.000E+0	1.000E+0	0.000E+0	0.000E+0	0.000E+0	0.000E+0	2.000E+0
0.000E+0	0.000E+0	1.000E+0	0.000E+0	0.000E+0	0.000E+0	0.000E+0	0.000E+0	1.000E+0	0.000E+0	0.000E+0	0.000E+0	0.000E+0	0.000E+0	0.000E+0	0.000E+0	0.000E+0	0.000E+0	0.000E+0	0.000E+0	0.000E+0	0.000E+0	0.000E+0	0.000E+0	9.000E+0	2.200E+1	1.500E+1	2.600E+1	3.000E+1	2.400E+1	2.900E+1	2.700E+1	2.900E+1	2.600E+1	2.600E+1	2.300E+1	1.800E+1	2.500E+1	1.400E+1	4.000E+1	5.300E+1	5.900E+1	5.200E+1	4.000E+1	1.800E+1	1.200E+1	2.000E+1	9.000E+0	1.200E+1	1.600E+1	1.300E+1	1.400E+1	1.200E+1	1.400E+1	2.500E+1	2.300E+1	2.900E+1	4.800E+1	1.000E+1	1.200E+1	1.100E+1	1.300E+1	1.700E+1	1.400E+1	1.800E+1	1.000E+0	0.000E+0	0.000E+0	0.000E+0	0.000E+0	0.000E+0	0.000E+0	0.000E+0	0.000E+0	2.000E+0	1.000E+0	0.000E+0	0.000E+0	1.000E+0	3.000E+0	3.600E+1	1.480E+2	6.040E+2	2.471E+3	7.814E+3	1.843E+4	3.183E+4	4.021E+4	3.948E+4	3.100E+4	1.949E+4	9.421E+3	3.560E+3	1.075E+3	2.980E+2	6.100E+1	1.100E+1	6.000E+0	1.000E+0	0.000E+0	0.000E+0	0.000E+0	0.000E+0	0.000E+0	0.000E+0	0.000E+0	0.000E+0	0.000E+0	0.000E+0	0.000E+0	0.000E+0	0.000E+0	0.000E+0	0.000E+0	0.000E+0	0.000E+0	0.000E+0	0.000E+0	0.000E+0	0.000E+0	0.000E+0	0.000E+0	0.000E+0	0.000E+0	1.000E+0	0.000E+0	0.000E+0	0.000E+0
0.000E+0	0.000E+0	0.000E+0	0.000E+0	0.000E+0	0.000E+0	0.000E+0	0.000E+0	0.000E+0	0.000E+0	0.000E+0	0.000E+0	0.000E+0	1.000E+0	0.000E+0	0.000E+0	1.000E+0	0.000E+0	0.000E+0	0.000E+0	0.000E+0	0.000E+0	1.000E+0	0.000E+0	1.100E+1	2.900E+1	2.300E+1	2.900E+1	2.900E+1	2.800E+1	2.700E+1	2.600E+1	2.000E+1	2.200E+1	2.400E+1	2.400E+1	2.200E+1	1.900E+1	3.400E+1	4.400E+1	6.000E+1	6.100E+1	5.100E+1	3.600E+1	1.900E+1	1.600E+1	1.600E+1	1.800E+1	2.100E+1	1.600E+1	1.600E+1	1.100E+1	1.400E+1	1.000E+1	1.900E+1	2.900E+1	3.200E+1	5.200E+1	1.000E+1	1.800E+1	1.000E+1	5.000E+0	1.700E+1	1.600E+1	1.800E+1	1.000E+0	0.000E+0	0.000E+0	0.000E+0	0.000E+0	0.000E+0	0.000E+0	0.000E+0	0.000E+0	0.000E+0	0.000E+0	2.000E+0	0.000E+0	2.000E+0	5.000E+0	3.700E+1	1.430E+2	6.100E+2	2.563E+3	8.119E+3	1.913E+4	3.246E+4	4.094E+4	3.987E+4	3.129E+4	1.940E+4	9.365E+3	3.607E+3	1.049E+3	2.440E+2	5.600E+1	1.800E+1	1.000E+0	1.000E+0	0.000E+0	0.000E+0	0.000E+0	0.000E+0	1.000E+0	0.000E+0	1.000E+0	0.000E+0	0.000E+0	0.000E+0	0.000E+0	0.000E+0	0.000E+0	1.000E+0	0.000E+0	0.000E+0	0.000E+0	0.000E+0	0.000E+0	1.000E+0	0.000E+0	0.000E+0	0.000E+0	0.000E+0	1.000E+0	0.000E+0	1.000E+0	0.000E+0	0.000E+0
0.000E+0	0.000E+0	0.000E+0	0.000E+0	0.000E+0	0.000E+0	0.000E+0	0.000E+0	1.000E+0	0.000E+0	0.000E+0	0.000E+0	0.000E+0	0.000E+0	0.000E+0	0.000E+0	0.000E+0	0.000E+0	0.000E+0	0.000E+0	0.000E+0	0.000E+0	0.000E+0	0.000E+0	1.100E+1	2.600E+1	1.300E+1	2.100E+1	2.500E+1	2.600E+1	2.300E+1	3.500E+1	3.300E+1	2.600E+1	1.000E+1	1.700E+1	2.200E+1	2.000E+1	3.200E+1	3.800E+1	7.000E+1	6.500E+1	4.800E+1	3.700E+1	2.600E+1	2.000E+1	1.500E+1	1.500E+1	1.400E+1	1.400E+1	1.400E+1	1.700E+1	1.500E+1	1.000E+1	2.200E+1	3.000E+1	2.000E+1	5.000E+1	7.000E+0	1.200E+1	2.100E+1	1.100E+1	1.000E+1	2.500E+1	2.000E+1	0.000E+0	0.000E+0	0.000E+0	0.000E+0	0.000E+0	0.000E+0	1.000E+0	1.000E+0	0.000E+0	0.000E+0	0.000E+0	1.000E+0	0.000E+0	0.000E+0	7.000E+0	2.100E+1	1.240E+2	6.330E+2	2.436E+3	7.950E+3	1.923E+4	3.268E+4	4.129E+4	4.037E+4	3.165E+4	1.994E+4	9.420E+3	3.375E+3	1.020E+3	2.780E+2	8.400E+1	1.700E+1	2.000E+0	3.000E+0	0.000E+0	0.000E+0	0.000E+0	0.000E+0	0.000E+0	1.000E+0	0.000E+0	1.000E+0	0.000E+0	0.000E+0	0.000E+0	0.000E+0	0.000E+0	0.000E+0	0.000E+0	0.000E+0	0.000E+0	0.000E+0	0.000E+0	0.000E+0	0.000E+0	0.000E+0	0.000E+0	0.000E+0	0.000E+0	0.000E+0	0.000E+0	1.000E+0	0.000E+0
0.000E+0	0.000E+0	0.000E+0	0.000E+0	1.000E+0	0.000E+0	2.000E+0	0.000E+0	0.000E+0	0.000E+0	0.000E+0	0.000E+0	0.000E+0	0.000E+0	0.000E+0	0.000E+0	1.000E+0	0.000E+0	0.000E+0	0.000E+0	0.000E+0	0.000E+0	2.000E+0	1.000E+0	5.000E+0	1.800E+1	3.100E+1	1.900E+1	3.000E+1	2.700E+1	3.500E+1	2.700E+1	2.000E+1	2.400E+1	2.700E+1	1.600E+1	1.500E+1	2.100E+1	3.700E+1	5.400E+1	6.300E+1	8.200E+1	4.700E+1	3.500E+1	2.200E+1	1.700E+1	1.200E+1	1.000E+1	1.600E+1	1.500E+1	1.100E+1	9.000E+0	1.500E+1	1.800E+1	1.700E+1	2.800E+1	3.200E+1	5.300E+1	1.100E+1	1.700E+1	1.200E+1	1.200E+1	1.600E+1	2.100E+1	1.700E+1	0.000E+0	0.000E+0	1.000E+0	0.000E+0	0.000E+0	1.000E+0	0.000E+0	1.000E+0	0.000E+0	1.000E+0	0.000E+0	0.000E+0	0.000E+0	4.000E+0	1.000E+1	3.600E+1	1.680E+2	6.480E+2	2.481E+3	7.698E+3	1.823E+4	3.159E+4	3.989E+4	3.893E+4	3.094E+4	1.963E+4	9.825E+3	3.647E+3	1.051E+3	3.320E+2	6.400E+1	1.200E+1	1.000E+0	1.000E+0	1.000E+0	0.000E+0	0.000E+0	0.000E+0	0.000E+0	0.000E+0	0.000E+0	0.000E+0	0.000E+0	0.000E+0	0.000E+0	0.000E+0	0.000E+0	1.000E+0	0.000E+0	0.000E+0	0.000E+0	0.000E+0	0.000E+0	0.000E+0	0.000E+0	0.000E+0	0.000E+0	0.000E+0	0.000E+0	1.000E+0	1.000E+0	0.000E+0	0.000E+0
0.000E+0	0.000E+0	0.000E+0	0.000E+0	0.000E+0	0.000E+0	1.000E+0	0.000E+0	0.000E+0	0.000E+0	0.000E+0	0.000E+0	0.000E+0	0.000E+0	0.000E+0	0.000E+0	2.000E+0	1.000E+0	0.000E+0	0.000E+0	0.000E+0	0.000E+0	0.000E+0	1.000E+0	9.000E+0	2.500E+1	3.100E+1	2.400E+1	2.800E+1	2.200E+1	2.700E+1	3.200E+1	2.600E+1	3.000E+1	2.100E+1	1.200E+1	2.000E+1	1.200E+1	3.400E+1	3.000E+1	5.600E+1	6.100E+1	4.500E+1	3.400E+1	1.500E+1	2.000E+1	2.100E+1	1.500E+1	1.700E+1	1.100E+1	1.200E+1	1.400E+1	1.400E+1	1.300E+1	2.400E+1	3.100E+1	3.900E+1	4.900E+1	1.200E+1	1.400E+1	1.100E+1	1.200E+1	1.300E+1	2.000E+1	1.800E+1	1.000E+0	0.000E+0	0.000E+0	0.000E+0	0.000E+0	0.000E+0	0.000E+0	0.000E+0	1.000E+0	0.000E+0	1.000E+0	2.000E+0	1.000E+0	2.000E+0	7.000E+0	2.800E+1	1.660E+2	6.660E+2	2.503E+3	8.306E+3	1.943E+4	3.163E+4	3.947E+4	3.931E+4	3.083E+4	1.893E+4	9.681E+3	4.333E+3	1.381E+3	2.850E+2	4.600E+1	1.500E+1	3.000E+0	3.000E+0	0.000E+0	0.000E+0	0.000E+0	0.000E+0	0.000E+0	0.000E+0	0.000E+0	0.000E+0	0.000E+0	0.000E+0	0.000E+0	0.000E+0	1.000E+0	0.000E+0	0.000E+0	0.000E+0	0.000E+0	0.000E+0	0.000E+0	0.000E+0	0.000E+0	0.000E+0	0.000E+0	0.000E+0	0.000E+0	0.000E+0	0.000E+0	0.000E+0	0.000E+0
0.000E+0	0.000E+0	0.000E+0	0.000E+0	1.000E+0	0.000E+0	0.000E+0	0.000E+0	0.000E+0	0.000E+0	1.000E+0	0.000E+0	0.000E+0	0.000E+0	0.000E+0	0.000E+0	0.000E+0	1.000E+0	0.000E+0	0.000E+0	0.000E+0	0.000E+0	0.000E+0	2.000E+0	1.900E+1	2.700E+1	1.800E+1	1.400E+1	3.100E+1	4.300E+1	3.000E+1	1.500E+1	3.900E+1	1.900E+1	2.000E+1	1.900E+1	2.400E+1	1.600E+1	2.600E+1	5.300E+1	5.800E+1	4.100E+1	4.100E+1	3.000E+1	2.900E+1	1.200E+1	2.000E+1	1.700E+1	1.400E+1	1.200E+1	1.500E+1	1.200E+1	9.000E+0	1.000E+1	2.100E+1	3.700E+1	4.200E+1	4.000E+1	1.200E+1	1.200E+1	1.800E+1	1.300E+1	1.400E+1	1.700E+1	1.800E+1	0.000E+0	0.000E+0	0.000E+0	1.000E+0	0.000E+0	1.000E+0	0.000E+0	0.000E+0	0.000E+0	0.000E+0	0.000E+0	0.000E+0	1.000E+0	1.000E+0	5.000E+0	2.200E+1	1.070E+2	4.650E+2	2.158E+3	7.470E+3	1.819E+4	3.152E+4	4.036E+4	3.937E+4	3.019E+4	1.860E+4	8.991E+3	3.267E+3	9.580E+2	2.080E+2	5.100E+1	1.400E+1	2.000E+0	1.000E+0	1.000E+0	0.000E+0	0.000E+0	0.000E+0	1.000E+0	0.000E+0	0.000E+0	0.000E+0	1.000E+0	0.000E+0	0.000E+0	0.000E+0	1.000E+0	1.000E+0	0.000E+0	0.000E+0	0.000E+0	0.000E+0	0.000E+0	0.000E+0	0.000E+0	0.000E+0	0.000E+0	0.000E+0	0.000E+0	0.000E+0	0.000E+0	1.000E+0	0.000E+0
0.000E+0	0.000E+0	0.000E+0	0.000E+0	0.000E+0	1.000E+0	0.000E+0	0.000E+0	0.000E+0	0.000E+0	2.000E+0	1.000E+0	0.000E+0	0.000E+0	0.000E+0	0.000E+0	0.000E+0	0.000E+0	0.000E+0	0.000E+0	1.000E+0	0.000E+0	0.000E+0	0.000E+0	1.400E+1	1.600E+1	2.800E+1	2.300E+1	2.300E+1	2.100E+1	2.000E+1	2.300E+1	3.200E+1	1.900E+1	2.800E+1	2.800E+1	2.700E+1	3.500E+1	2.300E+1	3.700E+1	4.600E+1	6.100E+1	4.200E+1	4.000E+1	2.300E+1	1.900E+1	1.700E+1	1.200E+1	1.500E+1	1.500E+1	1.700E+1	1.600E+1	1.100E+1	2.300E+1	2.500E+1	2.000E+1	3.800E+1	3.400E+1	1.000E+1	8.000E+0	1.400E+1	1.000E+1	1.000E+1	1.800E+1	1.900E+1	0.000E+0	1.000E+0	0.000E+0	0.000E+0	0.000E+0	1.000E+0	0.000E+0	0.000E+0	0.000E+0	0.000E+0	0.000E+0	0.000E+0	1.000E+0	2.000E+0	6.000E+0	3.700E+1	1.630E+2	6.520E+2	2.345E+3	7.752E+3	1.861E+4	3.162E+4	4.012E+4	3.932E+4	3.036E+4	1.865E+4	9.217E+3	3.451E+3	9.950E+2	2.230E+2	6.700E+1	1.300E+1	2.000E+0	1.000E+0	1.000E+0	0.000E+0	0.000E+0	0.000E+0	0.000E+0	1.000E+0	0.000E+0	0.000E+0	0.000E+0	0.000E+0	0.000E+0	0.000E+0	0.000E+0	0.000E+0	0.000E+0	0.000E+0	0.000E+0	0.000E+0	0.000E+0	0.000E+0	0.000E+0	0.000E+0	0.000E+0	0.000E+0	0.000E+0	0.000E+0	0.000E+0	0.000E+0	0.000E+0
0.000E+0	0.000E+0	0.000E+0	0.000E+0	0.000E+0	0.000E+0	0.000E+0	0.000E+0	0.000E+0	0.000E+0	0.000E+0	0.000E+0	0.000E+0	0.000E+0	1.000E+0	1.000E+0	0.000E+0	0.000E+0	0.000E+0	0.000E+0	0.000E+0	0.000E+0	0.000E+0	2.000E+0	4.000E+0	3.100E+1	2.600E+1	1.700E+1	3.300E+1	2.100E+1	2.800E+1	3.000E+1	2.800E+1	3.200E+1	1.700E+1	2.700E+1	1.800E+1	2.400E+1	2.500E+1	4.600E+1	4.800E+1	4.900E+1	4.200E+1	2.000E+1	2.200E+1	2.300E+1	2.400E+1	1.500E+1	1.500E+1	1.500E+1	1.200E+1	1.300E+1	1.600E+1	1.300E+1	1.700E+1	2.800E+1	3.900E+1	4.100E+1	1.300E+1	1.300E+1	9.000E+0	1.600E+1	1.400E+1	2.000E+1	1.700E+1	1.000E+0	0.000E+0	0.000E+0	0.000E+0	0.000E+0	0.000E+0	0.000E+0	0.000E+0	0.000E+0	0.000E+0	0.000E+0	1.000E+0	0.000E+0	0.000E+0	8.000E+0	3.500E+1	1.300E+2	5.620E+2	2.312E+3	7.691E+3	1.842E+4	3.083E+4	3.964E+4	3.909E+4	3.026E+4	1.807E+4	8.600E+3	3.406E+3	9.400E+2	2.830E+2	6.100E+1	1.400E+1	3.000E+0	1.000E+0	2.000E+0	1.000E+0	0.000E+0	0.000E+0	0.000E+0	0.000E+0	0.000E+0	0.000E+0	0.000E+0	0.000E+0	0.000E+0	1.000E+0	0.000E+0	0.000E+0	0.000E+0	0.000E+0	0.000E+0	1.000E+0	0.000E+0	0.000E+0	0.000E+0	1.000E+0	0.000E+0	0.000E+0	0.000E+0	0.000E+0	0.000E+0	0.000E+0	0.000E+0
0.000E+0	0.000E+0	0.000E+0	0.000E+0	0.000E+0	0.000E+0	0.000E+0	0.000E+0	1.000E+0	0.000E+0	0.000E+0	0.000E+0	0.000E+0	0.000E+0	1.000E+0	0.000E+0	0.000E+0	0.000E+0	0.000E+0	0.000E+0	0.000E+0	0.000E+0	0.000E+0	0.000E+0	8.000E+0	2.900E+1	1.900E+1	2.900E+1	2.100E+1	3.600E+1	2.400E+1	1.800E+1	2.500E+1	3.200E+1	2.800E+1	1.500E+1	1.500E+1	3.000E+1	2.000E+1	4.700E+1	3.700E+1	4.300E+1	3.000E+1	3.000E+1	2.100E+1	1.900E+1	1.400E+1	1.200E+1	1.500E+1	1.600E+1	1.700E+1	1.200E+1	1.500E+1	1.500E+1	2.100E+1	2.600E+1	3.600E+1	4.300E+1	1.000E+1	1.000E+1	1.400E+1	1.000E+1	7.000E+0	1.300E+1	1.100E+1	0.000E+0	0.000E+0	0.000E+0	1.000E+0	0.000E+0	0.000E+0	0.000E+0	0.000E+0	0.000E+0	0.000E+0	0.000E+0	2.000E+0	1.000E+0	1.000E+0	8.000E+0	3.200E+1	1.560E+2	6.930E+2	2.405E+3	7.560E+3	1.828E+4	3.111E+4	3.875E+4	3.810E+4	3.033E+4	1.883E+4	9.077E+3	3.586E+3	1.265E+3	3.520E+2	7.000E+1	1.000E+1	4.000E+0	3.000E+0	1.000E+0	0.000E+0	0.000E+0	1.000E+0	0.000E+0	0.000E+0	0.000E+0	0.000E+0	0.000E+0	0.000E+0	0.000E+0	1.000E+0	0.000E+0	0.000E+0	0.000E+0	0.000E+0	0.000E+0	1.000E+0	2.000E+0	1.000E+0	0.000E+0	0.000E+0	0.000E+0	0.000E+0	0.000E+0	0.000E+0	0.000E+0	0.000E+0	0.000E+0
0.000E+0	0.000E+0	0.000E+0	0.000E+0	0.000E+0	0.000E+0	0.000E+0	1.000E+0	0.000E+0	0.000E+0	0.000E+0	0.000E+0	0.000E+0	0.000E+0	0.000E+0	0.000E+0	0.000E+0	0.000E+0	0.000E+0	0.000E+0	0.000E+0	0.000E+0	0.000E+0	2.000E+0	8.000E+0	2.500E+1	3.200E+1	2.800E+1	2.300E+1	2.500E+1	2.200E+1	3.000E+1	2.700E+1	4.200E+1	1.700E+1	1.700E+1	2.000E+1	2.500E+1	3.600E+1	3.800E+1	4.300E+1	5.000E+1	4.500E+1	2.500E+1	1.900E+1	2.300E+1	1.300E+1	1.500E+1	1.800E+1	1.300E+1	1.600E+1	1.200E+1	1.400E+1	1.800E+1	2.000E+1	2.400E+1	4.700E+1	4.200E+1	1.400E+1	1.600E+1	1.500E+1	1.200E+1	1.600E+1	2.500E+1	1.100E+1	1.000E+0	0.000E+0	1.000E+0	0.000E+0	0.000E+0	1.000E+0	0.000E+0	1.000E+0	0.000E+0	0.000E+0	0.000E+0	1.000E+0	0.000E+0	2.000E+0	5.000E+0	2.900E+1	1.520E+2	5.330E+2	2.252E+3	7.510E+3	1.904E+4	3.210E+4	4.024E+4	3.973E+4	3.097E+4	1.902E+4	8.899E+3	3.544E+3	9.760E+2	2.190E+2	5.800E+1	1.000E+1	1.000E+0	0.000E+0	0.000E+0	2.000E+0	0.000E+0	0.000E+0	1.000E+0	1.000E+0	0.000E+0	1.000E+0	0.000E+0	0.000E+0	1.000E+0	0.000E+0	0.000E+0	0.000E+0	0.000E+0	0.000E+0	0.000E+0	0.000E+0	0.000E+0	0.000E+0	0.000E+0	0.000E+0	0.000E+0	0.000E+0	0.000E+0	0.000E+0	1.000E+0	0.000E+0	0.000E+0
0.000E+0	0.000E+0	0.000E+0	0.000E+0	0.000E+0	0.000E+0	0.000E+0	0.000E+0	0.000E+0	0.000E+0	0.000E+0	0.000E+0	0.000E+0	1.000E+0	1.000E+0	1.000E+0	0.000E+0	0.000E+0	0.000E+0	0.000E+0	0.000E+0	0.000E+0	0.000E+0	0.000E+0	1.000E+1	2.200E+1	2.100E+1	1.800E+1	1.900E+1	2.600E+1	3.100E+1	3.500E+1	2.300E+1	2.600E+1	1.500E+1	2.100E+1	1.400E+1	2.600E+1	2.100E+1	3.500E+1	4.400E+1	4.600E+1	3.800E+1	2.900E+1	2.000E+1	2.500E+1	1.800E+1	1.200E+1	1.700E+1	2.300E+1	1.000E+1	2.200E+1	1.600E+1	2.000E+1	2.400E+1	1.900E+1	3.900E+1	4.600E+1	7.000E+0	1.300E+1	1.300E+1	1.300E+1	1.400E+1	2.200E+1	1.300E+1	2.000E+0	0.000E+0	0.000E+0	0.000E+0	0.000E+0	1.000E+0	0.000E+0	1.000E+0	0.000E+0	0.000E+0	0.000E+0	0.000E+0	2.000E+0	3.000E+0	5.000E+0	3.300E+1	1.370E+2	6.430E+2	2.681E+3	8.066E+3	1.821E+4	3.111E+4	4.052E+4	3.928E+4	3.005E+4	1.907E+4	9.650E+3	3.559E+3	9.650E+2	2.500E+2	6.000E+1	1.800E+1	2.000E+0	1.000E+0	0.000E+0	0.000E+0	0.000E+0	1.000E+0	0.000E+0	1.000E+0	0.000E+0	0.000E+0	0.000E+0	0.000E+0	0.000E+0	0.000E+0	0.000E+0	0.000E+0	0.000E+0	1.000E+0	0.000E+0	0.000E+0	0.000E+0	0.000E+0	0.000E+0	0.000E+0	0.000E+0	1.000E+0	0.000E+0	1.000E+0	0.000E+0	0.000E+0	0.000E+0
0.000E+0	0.000E+0	1.000E+0	0.000E+0	0.000E+0	0.000E+0	0.000E+0	0.000E+0	0.000E+0	0.000E+0	0.000E+0	0.000E+0	1.000E+0	0.000E+0	0.000E+0	0.000E+0	0.000E+0	0.000E+0	0.000E+0	0.000E+0	0.000E+0	0.000E+0	0.000E+0	1.000E+0	4.000E+0	2.600E+1	1.800E+1	1.900E+1	2.500E+1	2.500E+1	2.700E+1	1.700E+1	2.800E+1	2.900E+1	2.700E+1	2.000E+1	2.300E+1	2.000E+1	2.800E+1	4.500E+1	5.500E+1	3.900E+1	4.800E+1	2.400E+1	3.000E+1	2.500E+1	1.900E+1	2.100E+1	1.700E+1	1.300E+1	1.800E+1	1.300E+1	2.700E+1	3.200E+1	1.800E+1	2.900E+1	4.000E+1	3.700E+1	1.400E+1	1.200E+1	1.200E+1	1.700E+1	6.000E+0	2.300E+1	1.900E+1	0.000E+0	0.000E+0	0.000E+0	0.000E+0	0.000E+0	0.000E+0	0.000E+0	1.000E+0	1.000E+0	0.000E+0	0.000E+0	0.000E+0	1.000E+0	5.000E+0	5.000E+0	3.100E+1	1.500E+2	5.610E+2	2.083E+3	6.989E+3	1.845E+4	3.221E+4	4.024E+4	3.952E+4	3.092E+4	1.908E+4	9.085E+3	3.527E+3	1.047E+3	2.680E+2	5.000E+1	1.200E+1	6.000E+0	0.000E+0	0.000E+0	1.000E+0	0.000E+0	0.000E+0	0.000E+0	0.000E+0	0.000E+0	1.000E+0	0.000E+0	0.000E+0	0.000E+0	0.000E+0	0.000E+0	0.000E+0	0.000E+0	0.000E+0	0.000E+0	0.000E+0	0.000E+0	0.000E+0	0.000E+0	0.000E+0	1.000E+0	0.000E+0	0.000E+0	1.000E+0	0.000E+0	0.000E+0	0.000E+0
0.000E+0	0.000E+0	1.000E+0	0.000E+0	1.000E+0	0.000E+0	0.000E+0	0.000E+0	0.000E+0	0.000E+0	0.000E+0	0.000E+0	0.000E+0	0.000E+0	0.000E+0	0.000E+0	0.000E+0	0.000E+0	1.000E+0	0.000E+0	1.000E+0	0.000E+0	0.000E+0	2.000E+0	9.000E+0	2.800E+1	1.900E+1	1.800E+1	1.700E+1	2.400E+1	3.500E+1	2.900E+1	2.800E+1	2.400E+1	2.200E+1	1.500E+1	1.700E+1	2.300E+1	1.500E+1	2.800E+1	4.400E+1	4.400E+1	4.600E+1	2.300E+1	2.500E+1	1.300E+1	1.600E+1	1.400E+1	1.200E+1	1.500E+1	1.000E+1	1.400E+1	2.100E+1	2.100E+1	2.700E+1	2.300E+1	3.300E+1	4.800E+1	1.000E+1	9.000E+0	1.400E+1	6.000E+0	1.500E+1	1.700E+1	2.600E+1	1.000E+0	0.000E+0	0.000E+0	0.000E+0	0.000E+0	0.000E+0	0.000E+0	0.000E+0	0.000E+0	1.000E+0	1.000E+0	0.000E+0	1.000E+0	1.000E+0	9.000E+0	3.400E+1	1.290E+2	5.710E+2	2.285E+3	7.372E+3	1.814E+4	3.217E+4	3.983E+4	3.921E+4	3.059E+4	1.913E+4	9.161E+3	3.334E+3	1.111E+3	2.600E+2	4.900E+1	1.200E+1	4.000E+0	0.000E+0	0.000E+0	0.000E+0	0.000E+0	0.000E+0	0.000E+0	0.000E+0	0.000E+0	0.000E+0	1.000E+0	0.000E+0	0.000E+0	1.000E+0	0.000E+0	0.000E+0	0.000E+0	0.000E+0	0.000E+0	1.000E+0	0.000E+0	1.000E+0	0.000E+0	0.000E+0	1.000E+0	1.000E+0	0.000E+0	0.000E+0	1.000E+0	0.000E+0	1.000E+0
0.000E+0	0.000E+0	2.000E+0	0.000E+0	0.000E+0	1.000E+0	0.000E+0	0.000E+0	0.000E+0	0.000E+0	0.000E+0	0.000E+0	1.000E+0	0.000E+0	0.000E+0	1.000E+0	0.000E+0	0.000E+0	0.000E+0	0.000E+0	0.000E+0	0.000E+0	0.000E+0	2.000E+0	8.000E+0	1.900E+1	2.500E+1	2.500E+1	2.100E+1	2.200E+1	2.600E+1	4.000E+1	2.100E+1	2.400E+1	1.800E+1	1.900E+1	2.300E+1	2.300E+1	2.400E+1	5.000E+1	4.500E+1	4.200E+1	3.300E+1	3.000E+1	2.200E+1	1.800E+1	2.100E+1	1.900E+1	1.600E+1	2.500E+1	2.100E+1	2.100E+1	2.300E+1	1.800E+1	2.700E+1	3.200E+1	3.800E+1	5.300E+1	3.000E+0	1.100E+1	2.100E+1	1.800E+1	1.300E+1	2.600E+1	1.900E+1	1.000E+0	1.000E+0	1.000E+0	0.000E+0	0.000E+0	1.000E+0	0.000E+0	0.000E+0	0.000E+0	0.000E+0	0.000E+0	1.000E+0	0.000E+0	1.000E+0	1.000E+1	3.200E+1	1.510E+2	5.990E+2	2.194E+3	7.661E+3	1.953E+4	3.250E+4	4.021E+4	4.000E+4	3.112E+4	1.888E+4	9.390E+3	3.680E+3	1.108E+3	2.710E+2	5.700E+1	1.400E+1	1.000E+0	0.000E+0	0.000E+0	0.000E+0	0.000E+0	0.000E+0	0.000E+0	0.000E+0	0.000E+0	0.000E+0	0.000E+0	0.000E+0	0.000E+0	0.000E+0	0.000E+0	1.000E+0	0.000E+0	1.000E+0	0.000E+0	0.000E+0	0.000E+0	0.000E+0	0.000E+0	1.000E+0	0.000E+0	0.000E+0	0.000E+0	0.000E+0	0.000E+0	0.000E+0	1.000E+0
0.000E+0	0.000E+0	1.000E+0	0.000E+0	0.000E+0	0.000E+0	0.000E+0	0.000E+0	0.000E+0	0.000E+0	0.000E+0	0.000E+0	0.000E+0	0.000E+0	1.000E+0	1.000E+0	0.000E+0	0.000E+0	0.000E+0	0.000E+0	0.000E+0	0.000E+0	0.000E+0	2.000E+0	1.600E+1	1.500E+1	2.300E+1	2.200E+1	2.800E+1	1.700E+1	2.700E+1	3.100E+1	2.800E+1	1.800E+1	2.900E+1	3.400E+1	2.100E+1	2.300E+1	2.900E+1	4.100E+1	4.300E+1	5.100E+1	3.500E+1	3.000E+1	2.500E+1	2.200E+1	1.700E+1	2.000E+1	2.100E+1	2.800E+1	1.500E+1	2.100E+1	1.600E+1	2.000E+1	2.200E+1	1.800E+1	4.100E+1	4.900E+1	9.000E+0	1.700E+1	1.500E+1	1.500E+1	8.000E+0	2.000E+1	1.800E+1	0.000E+0	1.000E+0	0.000E+0	0.000E+0	0.000E+0	0.000E+0	0.000E+0	1.000E+0	0.000E+0	0.000E+0	0.000E+0	0.000E+0	1.000E+0	0.000E+0	3.000E+0	2.800E+1	1.340E+2	5.270E+2	1.842E+3	6.536E+3	1.831E+4	3.254E+4	4.074E+4	3.944E+4	3.151E+4	1.920E+4	8.968E+3	3.416E+3	1.196E+3	3.770E+2	9.900E+1	9.000E+0	6.000E+0	0.000E+0	1.000E+0	0.000E+0	0.000E+0	1.000E+0	0.000E+0	0.000E+0	0.000E+0	0.000E+0	0.000E+0	0.000E+0	0.000E+0	0.000E+0	1.000E+0	0.000E+0	0.000E+0	0.000E+0	0.000E+0	0.000E+0	0.000E+0	0.000E+0	1.000E+0	0.000E+0	0.000E+0	0.000E+0	0.000E+0	0.000E+0	0.000E+0	0.000E+0	0.000E+0
0.000E+0	0.000E+0	0.000E+0	1.000E+0	0.000E+0	0.000E+0	0.000E+0	0.000E+0	0.000E+0	0.000E+0	0.000E+0	0.000E+0	1.000E+0	0.000E+0	0.000E+0	1.000E+0	0.000E+0	0.000E+0	0.000E+0	0.000E+0	0.000E+0	0.000E+0	1.000E+0	1.000E+0	1.100E+1	3.200E+1	2.200E+1	2.700E+1	2.800E+1	2.500E+1	3.500E+1	2.400E+1	2.600E+1	2.800E+1	2.600E+1	2.800E+1	2.300E+1	2.600E+1	2.800E+1	4.600E+1	4.100E+1	4.800E+1	3.600E+1	3.000E+1	2.500E+1	1.700E+1	2.600E+1	1.200E+1	2.800E+1	2.100E+1	2.100E+1	2.400E+1	2.400E+1	2.600E+1	3.500E+1	3.400E+1	3.200E+1	3.700E+1	1.100E+1	9.000E+0	1.200E+1	1.800E+1	1.400E+1	3.000E+1	2.200E+1	1.000E+0	0.000E+0	2.000E+0	0.000E+0	0.000E+0	0.000E+0	0.000E+0	0.000E+0	0.000E+0	0.000E+0	0.000E+0	1.000E+0	0.000E+0	4.000E+0	4.000E+0	3.300E+1	1.170E+2	5.470E+2	2.188E+3	7.843E+3	1.996E+4	3.331E+4	4.137E+4	4.097E+4	3.199E+4	1.964E+4	9.333E+3	3.494E+3	1.101E+3	2.850E+2	4.500E+1	1.200E+1	3.000E+0	4.000E+0	2.000E+0	1.000E+0	2.000E+0	0.000E+0	0.000E+0	1.000E+0	0.000E+0	0.000E+0	0.000E+0	0.000E+0	0.000E+0	0.000E+0	0.000E+0	0.000E+0	0.000E+0	0.000E+0	0.000E+0	0.000E+0	0.000E+0	0.000E+0	1.000E+0	0.000E+0	0.000E+0	0.000E+0	0.000E+0	0.000E+0	0.000E+0	0.000E+0	0.000E+0
0.000E+0	0.000E+0	2.000E+0	0.000E+0	0.000E+0	0.000E+0	0.000E+0	0.000E+0	1.000E+0	1.000E+0	0.000E+0	0.000E+0	1.000E+0	0.000E+0	0.000E+0	0.000E+0	0.000E+0	0.000E+0	0.000E+0	0.000E+0	0.000E+0	0.000E+0	0.000E+0	3.000E+0	1.400E+1	2.500E+1	2.200E+1	2.400E+1	2.400E+1	2.200E+1	2.900E+1	3.200E+1	3.100E+1	3.000E+1	2.500E+1	2.100E+1	2.200E+1	2.400E+1	3.100E+1	3.500E+1	4.300E+1	6.200E+1	4.100E+1	3.200E+1	2.200E+1	2.500E+1	1.800E+1	2.200E+1	2.300E+1	1.700E+1	2.600E+1	2.800E+1	2.700E+1	2.900E+1	2.300E+1	3.100E+1	3.600E+1	4.000E+1	1.500E+1	1.600E+1	5.000E+0	1.700E+1	1.700E+1	1.900E+1	2.000E+1	0.000E+0	0.000E+0	0.000E+0	1.000E+0	0.000E+0	0.000E+0	0.000E+0	0.000E+0	1.000E+0	1.000E+0	0.000E+0	1.000E+0	1.000E+0	3.000E+0	6.000E+0	1.800E+1	1.290E+2	6.260E+2	2.411E+3	7.892E+3	1.910E+4	3.289E+4	4.135E+4	4.066E+4	3.147E+4	1.987E+4	9.169E+3	3.246E+3	9.490E+2	2.240E+2	5.300E+1	1.100E+1	4.000E+0	1.000E+0	0.000E+0	0.000E+0	1.000E+0	0.000E+0	0.000E+0	0.000E+0	0.000E+0	0.000E+0	0.000E+0	0.000E+0	0.000E+0	0.000E+0	0.000E+0	0.000E+0	0.000E+0	0.000E+0	1.000E+0	0.000E+0	1.000E+0	0.000E+0	0.000E+0	0.000E+0	0.000E+0	0.000E+0	0.000E+0	1.000E+0	0.000E+0	0.000E+0	0.000E+0
0.000E+0	0.000E+0	0.000E+0	0.000E+0	0.000E+0	0.000E+0	0.000E+0	0.000E+0	0.000E+0	0.000E+0	0.000E+0	0.000E+0	0.000E+0	0.000E+0	0.000E+0	0.000E+0	0.000E+0	0.000E+0	0.000E+0	1.000E+0	0.000E+0	0.000E+0	0.000E+0	3.000E+0	1.100E+1	1.500E+1	2.500E+1	2.600E+1	2.200E+1	2.400E+1	1.900E+1	2.700E+1	2.200E+1	3.000E+1	3.200E+1	2.200E+1	1.900E+1	3.500E+1	2.400E+1	4.000E+1	5.000E+1	5.700E+1	4.900E+1	2.000E+1	2.000E+1	1.300E+1	2.500E+1	1.800E+1	2.000E+1	2.900E+1	2.300E+1	2.000E+1	2.600E+1	2.300E+1	2.300E+1	2.600E+1	3.900E+1	3.500E+1	1.300E+1	1.300E+1	2.100E+1	1.100E+1	1.200E+1	2.000E+1	2.300E+1	0.000E+0	0.000E+0	0.000E+0	0.000E+0	0.000E+0	0.000E+0	0.000E+0	1.000E+0	1.000E+0	0.000E+0	0.000E+0	0.000E+0	0.000E+0	2.000E+0	6.000E+0	3.900E+1	1.430E+2	5.530E+2	2.285E+3	7.772E+3	1.893E+4	3.203E+4	4.022E+4	3.941E+4	3.061E+4	1.914E+4	9.517E+3	3.483E+3	1.116E+3	2.730E+2	5.700E+1	1.300E+1	7.000E+0	4.000E+0	0.000E+0	0.000E+0	0.000E+0	1.000E+0	0.000E+0	0.000E+0	0.000E+0	0.000E+0	0.000E+0	0.000E+0	1.000E+0	1.000E+0	0.000E+0	0.000E+0	0.000E+0	0.000E+0	0.000E+0	0.000E+0	0.000E+0	0.000E+0	0.000E+0	0.000E+0	0.000E+0	0.000E+0	1.000E+0	0.000E+0	0.000E+0	0.000E+0	0.000E+0
0.000E+0	0.000E+0	1.000E+0	0.000E+0	0.000E+0	1.000E+0	0.000E+0	0.000E+0	0.000E+0	1.000E+0	0.000E+0	0.000E+0	1.000E+0	0.000E+0	0.000E+0	1.000E+0	0.000E+0	0.000E+0	0.000E+0	2.000E+0	0.000E+0	0.000E+0	0.000E+0	1.000E+0	1.200E+1	3.100E+1	1.600E+1	3.300E+1	2.000E+1	2.500E+1	3.000E+1	2.900E+1	2.000E+1	2.900E+1	2.300E+1	2.700E+1	2.100E+1	2.100E+1	3.000E+1	4.100E+1	5.200E+1	5.700E+1	3.600E+1	2.900E+1	2.900E+1	2.300E+1	2.600E+1	3.000E+1	2.100E+1	2.900E+1	2.700E+1	2.800E+1	2.700E+1	3.100E+1	3.300E+1	2.200E+1	3.500E+1	4.500E+1	1.400E+1	1.200E+1	8.000E+0	1.400E+1	1.700E+1	1.900E+1	1.300E+1	1.000E+0	0.000E+0	0.000E+0	0.000E+0	0.000E+0	0.000E+0	0.000E+0	0.000E+0	0.000E+0	1.000E+0	0.000E+0	0.000E+0	0.000E+0	1.000E+0	8.000E+0	2.100E+1	1.570E+2	5.940E+2	2.257E+3	7.417E+3	1.936E+4	3.359E+4	4.215E+4	4.112E+4	3.214E+4	1.957E+4	9.232E+3	3.394E+3	1.099E+3	3.010E+2	7.200E+1	1.800E+1	1.000E+0	1.000E+0	1.000E+0	1.000E+0	0.000E+0	0.000E+0	0.000E+0	0.000E+0	0.000E+0	0.000E+0	0.000E+0	0.000E+0	0.000E+0	0.000E+0	0.000E+0	0.000E+0	0.000E+0	0.000E+0	0.000E+0	0.000E+0	0.000E+0	0.000E+0	0.000E+0	0.000E+0	0.000E+0	0.000E+0	0.000E+0	0.000E+0	1.000E+0	0.000E+0	0.000E+0
0.000E+0	0.000E+0	0.000E+0	0.000E+0	0.000E+0	1.000E+0	0.000E+0	0.000E+0	0.000E+0	0.000E+0	1.000E+0	0.000E+0	0.000E+0	0.000E+0	0.000E+0	0.000E+0	0.000E+0	0.000E+0	1.000E+0	0.000E+0	0.000E+0	0.000E+0	0.000E+0	1.000E+0	7.000E+0	1.900E+1	3.300E+1	2.000E+1	2.700E+1	2.300E+1	2.600E+1	3.000E+1	2.400E+1	2.000E+1	2.800E+1	2.200E+1	2.000E+1	2.300E+1	3.600E+1	4.300E+1	4.000E+1	5.100E+1	4.300E+1	2.300E+1	3.100E+1	2.300E+1	2.300E+1	2.300E+1	1.700E+1	3.700E+1	3.200E+1	2.900E+1	2.200E+1	2.700E+1	2.300E+1	3.100E+1	3.900E+1	5.100E+1	1.800E+1	1.200E+1	1.500E+1	1.500E+1	1.100E+1	1.600E+1	2.500E+1	0.000E+0	1.000E+0	0.000E+0	0.000E+0	0.000E+0	0.000E+0	0.000E+0	0.000E+0	0.000E+0	0.000E+0	0.000E+0	0.000E+0	0.000E+0	5.000E+0	5.000E+0	2.500E+1	1.200E+2	6.060E+2	2.379E+3	7.604E+3	1.898E+4	3.268E+4	4.121E+4	3.983E+4	3.086E+4	1.916E+4	9.236E+3	3.344E+3	9.050E+2	2.320E+2	4.300E+1	1.200E+1	3.000E+0	0.000E+0	0.000E+0	0.000E+0	0.000E+0	0.000E+0	0.000E+0	0.000E+0	0.000E+0	0.000E+0	0.000E+0	0.000E+0	0.000E+0	0.000E+0	0.000E+0	0.000E+0	0.000E+0	0.000E+0	0.000E+0	0.000E+0	0.000E+0	0.000E+0	0.000E+0	1.000E+0	0.000E+0	0.000E+0	0.000E+0	0.000E+0	0.000E+0	0.000E+0	0.000E+0
0.000E+0	1.000E+0	0.000E+0	0.000E+0	0.000E+0	0.000E+0	1.000E+0	0.000E+0	1.000E+0	0.000E+0	0.000E+0	0.000E+0	0.000E+0	0.000E+0	1.000E+0	0.000E+0	0.000E+0	0.000E+0	0.000E+0	0.000E+0	0.000E+0	0.000E+0	0.000E+0	0.000E+0	8.000E+0	2.200E+1	2.300E+1	2.000E+1	2.400E+1	2.700E+1	2.700E+1	2.700E+1	2.500E+1	2.900E+1	2.300E+1	2.900E+1	2.200E+1	2.000E+1	2.300E+1	3.600E+1	5.300E+1	4.600E+1	3.300E+1	2.500E+1	2.600E+1	2.400E+1	1.700E+1	1.800E+1	2.100E+1	2.300E+1	3.600E+1	2.700E+1	1.600E+1	2.400E+1	2.500E+1	2.600E+1	3.300E+1	3.400E+1	1.400E+1	1.200E+1	1.700E+1	1.800E+1	1.800E+1	1.700E+1	2.800E+1	0.000E+0	1.000E+0	0.000E+0	0.000E+0	0.000E+0	0.000E+0	0.000E+0	0.000E+0	0.000E+0	0.000E+0	0.000E+0	0.000E+0	2.000E+0	1.000E+0	4.000E+0	2.900E+1	1.480E+2	6.200E+2	2.337E+3	7.747E+3	1.914E+4	3.234E+4	3.996E+4	3.964E+4	3.163E+4	1.919E+4	9.376E+3	3.655E+3	1.160E+3	3.350E+2	9.000E+1	2.300E+1	4.000E+0	2.000E+0	0.000E+0	0.000E+0	0.000E+0	0.000E+0	0.000E+0	0.000E+0	1.000E+0	0.000E+0	0.000E+0	0.000E+0	0.000E+0	1.000E+0	0.000E+0	0.000E+0	0.000E+0	0.000E+0	0.000E+0	0.000E+0	0.000E+0	0.000E+0	0.000E+0	0.000E+0	0.000E+0	0.000E+0	0.000E+0	0.000E+0	0.000E+0	1.000E+0	0.000E+0
0.000E+0	0.000E+0	0.000E+0	0.000E+0	1.000E+0	1.000E+0	0.000E+0	0.000E+0	0.000E+0	0.000E+0	0.000E+0	1.000E+0	1.000E+0	0.000E+0	0.000E+0	1.000E+0	0.000E+0	0.000E+0	0.000E+0	0.000E+0	0.000E+0	0.000E+0	0.000E+0	0.000E+0	1.300E+1	2.900E+1	2.800E+1	2.100E+1	2.100E+1	2.000E+1	2.300E+1	2.400E+1	1.900E+1	2.300E+1	2.400E+1	2.400E+1	2.700E+1	2.200E+1	3.000E+1	3.900E+1	4.900E+1	5.300E+1	5.000E+1	2.900E+1	1.800E+1	1.600E+1	1.900E+1	1.900E+1	2.500E+1	1.500E+1	2.400E+1	3.700E+1	2.700E+1	3.300E+1	3.200E+1	3.000E+1	4.400E+1	5.100E+1	1.800E+1	1.700E+1	1.800E+1	1.400E+1	1.900E+1	1.900E+1	3.000E+1	0.000E+0	0.000E+0	0.000E+0	0.000E+0	0.000E+0	0.000E+0	0.000E+0	0.000E+0	0.000E+0	0.000E+0	2.000E+0	0.000E+0	1.000E+0	1.000E+0	1.200E+1	3.200E+1	1.630E+2	5.700E+2	2.315E+3	7.924E+3	1.940E+4	3.236E+4	4.036E+4	3.966E+4	3.125E+4	1.947E+4	9.141E+3	3.466E+3	1.124E+3	2.750E+2	6.400E+1	1.900E+1	1.000E+0	1.000E+0	2.000E+0	0.000E+0	0.000E+0	1.000E+0	1.000E+0	0.000E+0	0.000E+0	0.000E+0	0.000E+0	0.000E+0	0.000E+0	0.000E+0	0.000E+0	0.000E+0	1.000E+0	0.000E+0	0.000E+0	0.000E+0	0.000E+0	0.000E+0	0.000E+0	0.000E+0	0.000E+0	0.000E+0	0.000E+0	2.000E+0	0.000E+0	0.000E+0	0.000E+0
1.000E+0	0.000E+0	0.000E+0	0.000E+0	2.000E+0	0.000E+0	1.000E+0	0.000E+0	2.000E+0	0.000E+0	0.000E+0	0.000E+0	0.000E+0	0.000E+0	1.000E+0	1.000E+0	0.000E+0	0.000E+0	0.000E+0	0.000E+0	0.000E+0	0.000E+0	0.000E+0	0.000E+0	7.000E+0	2.200E+1	2.600E+1	2.200E+1	2.500E+1	1.800E+1	2.300E+1	1.800E+1	3.100E+1	3.000E+1	2.400E+1	2.700E+1	2.800E+1	3.600E+1	2.800E+1	3.500E+1	4.700E+1	3.900E+1	4.400E+1	3.200E+1	2.300E+1	1.700E+1	2.200E+1	1.600E+1	2.300E+1	2.100E+1	1.700E+1	2.700E+1	2.800E+1	3.100E+1	2.800E+1	3.200E+1	4.600E+1	4.400E+1	1.500E+1	1.100E+1	1.300E+1	1.800E+1	1.500E+1	1.100E+1	2.000E+1	1.000E+0	0.000E+0	0.000E+0	1.000E+0	0.000E+0	0.000E+0	1.000E+0	0.000E+0	1.000E+0	0.000E+0	0.000E+0	0.000E+0	1.000E+0	4.000E+0	8.000E+0	3.000E+1	1.590E+2	7.370E+2	2.385E+3	7.342E+3	1.832E+4	3.228E+4	4.092E+4	3.925E+4	3.089E+4	1.964E+4	9.285E+3	3.191E+3	9.230E+2	2.420E+2	5.900E+1	1.200E+1	1.000E+0	3.000E+0	0.000E+0	0.000E+0	0.000E+0	0.000E+0	1.000E+0	0.000E+0	0.000E+0	0.000E+0	1.000E+0	0.000E+0	1.000E+0	0.000E+0	0.000E+0	0.000E+0	0.000E+0	0.000E+0	0.000E+0	1.000E+0	0.000E+0	0.000E+0	0.000E+0	0.000E+0	0.000E+0	0.000E+0	1.000E+0	1.000E+0	0.000E+0	0.000E+0	0.000E+0
0.000E+0	0.000E+0	0.000E+0	0.000E+0	0.000E+0	0.000E+0	0.000E+0	0.000E+0	0.000E+0	0.000E+0	0.000E+0	0.000E+0	0.000E+0	0.000E+0	1.000E+0	0.000E+0	0.000E+0	0.000E+0	0.000E+0	0.000E+0	0.000E+0	0.000E+0	0.000E+0	0.000E+0	1.500E+1	1.700E+1	2.100E+1	2.900E+1	1.800E+1	2.600E+1	3.400E+1	3.000E+1	1.900E+1	2.600E+1	2.900E+1	2.300E+1	2.500E+1	2.000E+1	2.900E+1	3.800E+1	3.900E+1	4.000E+1	4.000E+1	3.500E+1	1.800E+1	2.300E+1	1.900E+1	2.200E+1	1.700E+1	2.300E+1	1.600E+1	2.400E+1	3.100E+1	3.800E+1	3.700E+1	4.000E+1	4.400E+1	5.400E+1	1.300E+1	1.300E+1	2.300E+1	2.500E+1	2.100E+1	1.800E+1	2.200E+1	1.000E+0	0.000E+0	0.000E+0	0.000E+0	0.000E+0	0.000E+0	0.000E+0	1.000E+0	0.000E+0	0.000E+0	0.000E+0	0.000E+0	1.000E+0	2.000E+0	5.000E+0	3.500E+1	1.220E+2	5.830E+2	2.410E+3	8.251E+3	1.936E+4	3.160E+4	3.956E+4	3.953E+4	3.039E+4	1.893E+4	9.520E+3	3.717E+3	9.630E+2	2.220E+2	6.300E+1	1.100E+1	6.000E+0	0.000E+0	1.000E+0	0.000E+0	0.000E+0	0.000E+0	0.000E+0	0.000E+0	0.000E+0	0.000E+0	0.000E+0	0.000E+0	0.000E+0	0.000E+0	0.000E+0	1.000E+0	0.000E+0	0.000E+0	0.000E+0	1.000E+0	0.000E+0	0.000E+0	1.000E+0	0.000E+0	0.000E+0	0.000E+0	1.000E+0	0.000E+0	0.000E+0	1.000E+0	0.000E+0
0.000E+0	0.000E+0	0.000E+0	0.000E+0	0.000E+0	0.000E+0	0.000E+0	0.000E+0	0.000E+0	0.000E+0	0.000E+0	0.000E+0	0.000E+0	0.000E+0	0.000E+0	0.000E+0	0.000E+0	1.000E+0	1.000E+0	0.000E+0	0.000E+0	0.000E+0	0.000E+0	0.000E+0	8.000E+0	2.300E+1	2.600E+1	1.800E+1	2.600E+1	2.500E+1	2.100E+1	2.600E+1	2.600E+1	2.100E+1	2.400E+1	2.700E+1	1.900E+1	2.000E+1	2.600E+1	4.500E+1	3.700E+1	5.300E+1	3.900E+1	3.500E+1	2.100E+1	2.000E+1	2.000E+1	2.100E+1	2.400E+1	1.500E+1	2.900E+1	2.300E+1	2.700E+1	3.400E+1	2.700E+1	4.800E+1	3.800E+1	5.100E+1	1.000E+1	1.000E+1	2.400E+1	1.500E+1	1.400E+1	2.300E+1	2.500E+1	0.000E+0	0.000E+0	1.000E+0	0.000E+0	0.000E+0	0.000E+0	1.000E+0	1.000E+0	0.000E+0	0.000E+0	0.000E+0	0.000E+0	0.000E+0	0.000E+0	4.000E+0	2.300E+1	1.440E+2	5.960E+2	2.168E+3	7.559E+3	1.881E+4	3.164E+4	3.985E+4	3.911E+4	3.050E+4	1.879E+4	9.187E+3	3.408E+3	1.041E+3	2.840E+2	8.100E+1	1.700E+1	5.000E+0	1.000E+0	1.000E+0	0.000E+0	0.000E+0	2.000E+0	0.000E+0	0.000E+0	0.000E+0	0.000E+0	0.000E+0	0.000E+0	0.000E+0	0.000E+0	0.000E+0	0.000E+0	0.000E+0	0.000E+0	0.000E+0	0.000E+0	0.000E+0	1.000E+0	0.000E+0	0.000E+0	1.000E+0	0.000E+0	0.000E+0	0.000E+0	0.000E+0	0.000E+0	0.000E+0
1.000E+0	0.000E+0	0.000E+0	0.000E+0	0.000E+0	0.000E+0	0.000E+0	0.000E+0	0.000E+0	0.000E+0	0.000E+0	0.000E+0	1.000E+0	0.000E+0	0.000E+0	0.000E+0	0.000E+0	0.000E+0	0.000E+0	0.000E+0	0.000E+0	0.000E+0	0.000E+0	1.000E+0	9.000E+0	2.500E+1	2.000E+1	1.800E+1	1.900E+1	2.700E+1	2.200E+1	1.700E+1	1.900E+1	2.500E+1	2.100E+1	2.300E+1	1.800E+1	1.900E+1	4.800E+1	4.400E+1	5.500E+1	4.800E+1	5.200E+1	3.400E+1	2.200E+1	1.900E+1	1.900E+1	2.500E+1	2.400E+1	1.500E+1	2.200E+1	2.300E+1	2.100E+1	3.900E+1	4.000E+1	3.400E+1	4.800E+1	5.600E+1	1.600E+1	1.700E+1	1.300E+1	1.500E+1	1.800E+1	2.300E+1	2.200E+1	0.000E+0	0.000E+0	1.000E+0	0.000E+0	0.000E+0	1.000E+0	1.000E+0	0.000E+0	0.000E+0	0.000E+0	0.000E+0	0.000E+0	0.000E+0	4.000E+0	9.000E+0	2.500E+1	1.590E+2	6.950E+2	2.330E+3	7.751E+3	1.863E+4	3.151E+4	4.001E+4	3.945E+4	3.100E+4	1.950E+4	9.390E+3	3.312E+3	9.040E+2	2.230E+2	4.900E+1	1.400E+1	1.000E+0	1.000E+0	1.000E+0	1.000E+0	1.000E+0	0.000E+0	1.000E+0	0.000E+0	0.000E+0	1.000E+0	1.000E+0	0.000E+0	0.000E+0	0.000E+0	0.000E+0	0.000E+0	0.000E+0	1.000E+0	0.000E+0	0.000E+0	0.000E+0	0.000E+0	0.000E+0	2.000E+0	1.000E+0	0.000E+0	0.000E+0	0.000E+0	1.000E+0	0.000E+0	0.000E+0
0.000E+0	0.000E+0	0.000E+0	0.000E+0	1.000E+0	0.000E+0	0.000E+0	1.000E+0	0.000E+0	0.000E+0	1.000E+0	0.000E+0	0.000E+0	0.000E+0	0.000E+0	0.000E+0	0.000E+0	1.000E+0	0.000E+0	0.000E+0	0.000E+0	0.000E+0	0.000E+0	0.000E+0	1.200E+1	1.700E+1	1.700E+1	1.700E+1	1.900E+1	2.000E+1	2.100E+1	2.600E+1	1.500E+1	1.200E+1	1.700E+1	1.700E+1	2.200E+1	1.800E+1	3.100E+1	3.500E+1	5.500E+1	5.800E+1	3.100E+1	3.300E+1	2.200E+1	2.200E+1	2.200E+1	1.400E+1	2.500E+1	2.200E+1	1.600E+1	1.500E+1	2.400E+1	2.500E+1	2.500E+1	3.800E+1	5.300E+1	5.600E+1	9.000E+0	1.900E+1	1.200E+1	1.200E+1	1.600E+1	2.500E+1	2.700E+1	0.000E+0	0.000E+0	0.000E+0	0.000E+0	0.000E+0	0.000E+0	0.000E+0	1.000E+0	0.000E+0	0.000E+0	1.000E+0	0.000E+0	2.000E+0	3.000E+0	1.200E+1	2.400E+1	1.620E+2	7.420E+2	2.476E+3	7.513E+3	1.794E+4	3.093E+4	3.862E+4	3.816E+4	3.053E+4	1.962E+4	9.284E+3	3.335E+3	1.049E+3	2.710E+2	4.700E+1	1.400E+1	3.000E+0	0.000E+0	1.000E+0	1.000E+0	0.000E+0	1.000E+0	1.000E+0	0.000E+0	0.000E+0	0.000E+0	0.000E+0	0.000E+0	0.000E+0	0.000E+0	0.000E+0	0.000E+0	0.000E+0	0.000E+0	0.000E+0	0.000E+0	0.000E+0	0.000E+0	1.000E+0	0.000E+0	0.000E+0	0.000E+0	1.000E+0	0.000E+0	0.000E+0	0.000E+0	0.000E+0
1.000E+0	0.000E+0	0.000E+0	0.000E+0	0.000E+0	0.000E+0	0.000E+0	1.000E+0	0.000E+0	1.000E+0	0.000E+0	1.000E+0	1.000E+0	0.000E+0	0.000E+0	0.000E+0	0.000E+0	0.000E+0	0.000E+0	0.000E+0	0.000E+0	1.000E+0	0.000E+0	0.000E+0	6.000E+0	2.200E+1	1.500E+1	2.600E+1	2.000E+1	2.700E+1	2.300E+1	3.400E+1	1.700E+1	1.600E+1	1.900E+1	2.300E+1	2.000E+1	2.100E+1	2.600E+1	3.200E+1	4.500E+1	5.900E+1	4.700E+1	2.600E+1	2.800E+1	2.400E+1	1.900E+1	2.200E+1	1.700E+1	2.200E+1	1.900E+1	2.200E+1	2.400E+1	2.700E+1	3.200E+1	4.100E+1	4.900E+1	6.300E+1	1.800E+1	1.500E+1	2.000E+1	1.600E+1	2.100E+1	2.400E+1	2.200E+1	0.000E+0	0.000E+0	1.000E+0	0.000E+0	0.000E+0	1.000E+0	0.000E+0	0.000E+0	0.000E+0	0.000E+0	0.000E+0	0.000E+0	1.000E+0	1.000E+0	8.000E+0	3.000E+1	1.800E+2	6.100E+2	2.233E+3	7.731E+3	1.882E+4	3.122E+4	3.884E+4	3.854E+4	3.067E+4	1.895E+4	8.983E+3	3.560E+3	1.195E+3	3.720E+2	8.400E+1	1.800E+1	5.000E+0	0.000E+0	0.000E+0	0.000E+0	0.000E+0	0.000E+0	0.000E+0	0.000E+0	0.000E+0	0.000E+0	0.000E+0	0.000E+0	0.000E+0	0.000E+0	0.000E+0	0.000E+0	0.000E+0	0.000E+0	0.000E+0	1.000E+0	0.000E+0	1.000E+0	0.000E+0	0.000E+0	0.000E+0	0.000E+0	0.000E+0	0.000E+0	0.000E+0	0.000E+0	0.000E+0
0.000E+0	0.000E+0	0.000E+0	0.000E+0	0.000E+0	0.000E+0	0.000E+0	0.000E+0	0.000E+0	0.000E+0	0.000E+0	0.000E+0	0.000E+0	0.000E+0	1.000E+0	1.000E+0	0.000E+0	0.000E+0	1.000E+0	0.000E+0	0.000E+0	1.000E+0	0.000E+0	1.000E+0	1.100E+1	2.100E+1	2.400E+1	1.900E+1	2.900E+1	2.700E+1	2.800E+1	1.900E+1	2.400E+1	3.100E+1	2.400E+1	2.200E+1	2.000E+1	1.900E+1	2.900E+1	3.500E+1	5.000E+1	4.400E+1	4.500E+1	2.500E+1	2.100E+1	2.100E+1	2.200E+1	1.900E+1	3.000E+1	2.400E+1	2.400E+1	1.600E+1	1.900E+1	1.600E+1	3.400E+1	4.400E+1	5.300E+1	5.200E+1	1.900E+1	1.400E+1	2.000E+1	1.800E+1	2.000E+1	2.400E+1	2.500E+1	1.000E+0	0.000E+0	0.000E+0	0.000E+0	0.000E+0	0.000E+0	0.000E+0	0.000E+0	0.000E+0	0.000E+0	0.000E+0	0.000E+0	0.000E+0	1.000E+0	1.000E+1	3.600E+1	1.310E+2	6.760E+2	2.381E+3	7.887E+3	1.833E+4	3.067E+4	3.844E+4	3.760E+4	2.971E+4	1.849E+4	9.151E+3	3.624E+3	1.209E+3	3.260E+2	7.200E+1	1.800E+1	7.000E+0	3.000E+0	0.000E+0	1.000E+0	1.000E+0	0.000E+0	0.000E+0	0.000E+0	1.000E+0	0.000E+0	0.000E+0	0.000E+0	1.000E+0	0.000E+0	1.000E+0	0.000E+0	0.000E+0	0.000E+0	0.000E+0	1.000E+0	0.000E+0	1.000E+0	0.000E+0	1.000E+0	0.000E+0	0.000E+0	0.000E+0	0.000E+0	0.000E+0	0.000E+0	0.000E+0
0.000E+0	0.000E+0	0.000E+0	0.000E+0	0.000E+0	0.000E+0	0.000E+0	1.000E+0	0.000E+0	0.000E+0	0.000E+0	0.000E+0	0.000E+0	0.000E+0	0.000E+0	0.000E+0	0.000E+0	0.000E+0	0.000E+0	0.000E+0	1.000E+0	0.000E+0	0.000E+0	0.000E+0	7.000E+0	2.300E+1	1.700E+1	1.800E+1	2.900E+1	2.000E+1	2.100E+1	2.000E+1	3.000E+1	1.500E+1	2.400E+1	2.000E+1	1.800E+1	2.000E+1	3.900E+1	3.200E+1	6.400E+1	3.600E+1	4.700E+1	2.500E+1	2.700E+1	1.900E+1	3.000E+1	2.200E+1	2.800E+1	2.100E+1	2.000E+1	1.700E+1	2.100E+1	3.900E+1	3.000E+1	3.700E+1	5.600E+1	5.300E+1	1.400E+1	1.100E+1	2.300E+1	2.000E+1	1.800E+1	1.300E+1	2.300E+1	0.000E+0	0.000E+0	0.000E+0	0.000E+0	0.000E+0	1.000E+0	0.000E+0	0.000E+0	0.000E+0	0.000E+0	0.000E+0	0.000E+0	1.000E+0	3.000E+0	1.200E+1	2.400E+1	1.360E+2	5.530E+2	1.998E+3	6.743E+3	1.736E+4	3.080E+4	3.912E+4	3.817E+4	2.993E+4	1.824E+4	8.691E+3	3.336E+3	1.145E+3	3.090E+2	8.200E+1	1.700E+1	6.000E+0	3.000E+0	0.000E+0	1.000E+0	1.000E+0	0.000E+0	0.000E+0	0.000E+0	0.000E+0	0.000E+0	0.000E+0	0.000E+0	0.000E+0	0.000E+0	0.000E+0	0.000E+0	0.000E+0	0.000E+0	0.000E+0	0.000E+0	0.000E+0	0.000E+0	0.000E+0	0.000E+0	0.000E+0	0.000E+0	0.000E+0	0.000E+0	0.000E+0	0.000E+0	0.000E+0
0.000E+0	0.000E+0	0.000E+0	0.000E+0	0.000E+0	1.000E+0	0.000E+0	0.000E+0	0.000E+0	0.000E+0	1.000E+0	0.000E+0	0.000E+0	0.000E+0	0.000E+0	0.000E+0	0.000E+0	0.000E+0	0.000E+0	0.000E+0	1.000E+0	0.000E+0	0.000E+0	0.000E+0	9.000E+0	1.900E+1	1.200E+1	1.500E+1	2.600E+1	2.800E+1	2.000E+1	1.200E+1	1.700E+1	2.000E+1	2.200E+1	2.000E+1	2.100E+1	2.200E+1	4.100E+1	3.400E+1	3.900E+1	3.300E+1	2.700E+1	2.300E+1	2.600E+1	2.100E+1	2.500E+1	2.100E+1	2.900E+1	2.900E+1	1.900E+1	1.500E+1	1.400E+1	2.500E+1	4.000E+1	3.500E+1	3.600E+1	5.800E+1	1.400E+1	1.900E+1	1.200E+1	1.900E+1	2.700E+1	2.600E+1	2.600E+1	0.000E+0	1.000E+0	0.000E+0	1.000E+0	0.000E+0	0.000E+0	0.000E+0	0.000E+0	0.000E+0	0.000E+0	0.000E+0	0.000E+0	2.000E+0	1.000E+0	6.000E+0	3.200E+1	1.650E+2	7.700E+2	2.507E+3	7.359E+3	1.782E+4	3.113E+4	3.956E+4	3.839E+4	3.034E+4	1.919E+4	8.947E+3	3.175E+3	9.450E+2	2.710E+2	5.200E+1	1.700E+1	5.000E+0	0.000E+0	2.000E+0	0.000E+0	1.000E+0	0.000E+0	0.000E+0	1.000E+0	0.000E+0	0.000E+0	0.000E+0	0.000E+0	0.000E+0	0.000E+0	0.000E+0	0.000E+0	1.000E+0	0.000E+0	0.000E+0	0.000E+0	0.000E+0	0.000E+0	0.000E+0	1.000E+0	0.000E+0	1.000E+0	0.000E+0	0.000E+0	0.000E+0	0.000E+0	1.000E+0
0.000E+0	0.000E+0	0.000E+0	0.000E+0	0.000E+0	0.000E+0	0.000E+0	0.000E+0	0.000E+0	0.000E+0	0.000E+0	0.000E+0	1.000E+0	0.000E+0	1.000E+0	1.000E+0	0.000E+0	0.000E+0	1.000E+0	0.000E+0	0.000E+0	0.000E+0	0.000E+0	2.000E+0	1.100E+1	1.500E+1	2.000E+1	1.900E+1	1.700E+1	2.500E+1	2.900E+1	1.800E+1	1.900E+1	2.600E+1	2.300E+1	1.200E+1	3.000E+1	2.200E+1	2.400E+1	3.200E+1	4.200E+1	4.200E+1	3.300E+1	2.500E+1	2.200E+1	1.700E+1	2.100E+1	2.400E+1	2.400E+1	2.000E+1	2.200E+1	2.000E+1	3.000E+1	2.400E+1	2.500E+1	2.700E+1	4.100E+1	5.400E+1	1.400E+1	1.700E+1	2.100E+1	2.400E+1	2.100E+1	2.600E+1	2.200E+1	0.000E+0	0.000E+0	0.000E+0	0.000E+0	0.000E+0	0.000E+0	0.000E+0	0.000E+0	0.000E+0	0.000E+0	0.000E+0	1.000E+0	1.000E+0	2.000E+0	7.000E+0	2.500E+1	1.440E+2	6.360E+2	2.252E+3	7.004E+3	1.735E+4	3.080E+4	3.927E+4	3.810E+4	2.979E+4	1.844E+4	8.704E+3	3.215E+3	9.590E+2	2.320E+2	5.000E+1	1.100E+1	1.000E+0	1.000E+0	0.000E+0	0.000E+0	1.000E+0	0.000E+0	0.000E+0	0.000E+0	0.000E+0	0.000E+0	0.000E+0	0.000E+0	0.000E+0	0.000E+0	0.000E+0	0.000E+0	0.000E+0	0.000E+0	0.000E+0	0.000E+0	0.000E+0	0.000E+0	0.000E+0	0.000E+0	0.000E+0	1.000E+0	0.000E+0	0.000E+0	0.000E+0	0.000E+0	0.000E+0
0.000E+0	0.000E+0	0.000E+0	1.000E+0	0.000E+0	1.000E+0	1.000E+0	1.000E+0	0.000E+0	1.000E+0	0.000E+0	0.000E+0	0.000E+0	0.000E+0	1.000E+0	0.000E+0	0.000E+0	0.000E+0	0.000E+0	0.000E+0	0.000E+0	0.000E+0	2.000E+0	1.000E+0	4.000E+0	1.600E+1	2.200E+1	1.500E+1	1.700E+1	2.500E+1	1.700E+1	2.700E+1	2.900E+1	2.000E+1	2.200E+1	2.800E+1	1.500E+1	2.500E+1	2.400E+1	4.600E+1	4.600E+1	3.300E+1	3.800E+1	3.400E+1	2.400E+1	2.400E+1	1.900E+1	1.600E+1	1.800E+1	2.000E+1	1.600E+1	1.700E+1	1.800E+1	2.500E+1	1.800E+1	3.500E+1	3.300E+1	6.300E+1	9.000E+0	1.700E+1	2.500E+1	2.600E+1	1.600E+1	3.600E+1	1.900E+1	2.000E+0	0.000E+0	0.000E+0	0.000E+0	1.000E+0	0.000E+0	0.000E+0	1.000E+0	0.000E+0	0.000E+0	1.000E+0	0.000E+0	0.000E+0	0.000E+0	3.000E+0	1.700E+1	1.450E+2	6.360E+2	2.285E+3	7.236E+3	1.822E+4	3.183E+4	4.061E+4	3.991E+4	3.144E+4	1.888E+4	8.500E+3	3.083E+3	9.230E+2	2.090E+2	5.400E+1	9.000E+0	3.000E+0	0.000E+0	0.000E+0	0.000E+0	1.000E+0	0.000E+0	0.000E+0	0.000E+0	1.000E+0	0.000E+0	0.000E+0	0.000E+0	1.000E+0	0.000E+0	0.000E+0	0.000E+0	1.000E+0	0.000E+0	0.000E+0	0.000E+0	0.000E+0	0.000E+0	0.000E+0	0.000E+0	0.000E+0	0.000E+0	0.000E+0	0.000E+0	0.000E+0	0.000E+0	1.000E+0
0.000E+0	0.000E+0	0.000E+0	0.000E+0	0.000E+0	0.000E+0	0.000E+0	1.000E+0	0.000E+0	0.000E+0	0.000E+0	0.000E+0	0.000E+0	0.000E+0	0.000E+0	0.000E+0	0.000E+0	1.000E+0	1.000E+0	0.000E+0	0.000E+0	0.000E+0	0.000E+0	0.000E+0	3.000E+0	1.200E+1	1.400E+1	2.100E+1	3.200E+1	1.900E+1	2.000E+1	2.400E+1	1.900E+1	1.600E+1	2.600E+1	1.100E+1	2.200E+1	2.200E+1	2.700E+1	3.400E+1	5.100E+1	3.100E+1	4.400E+1	2.100E+1	2.500E+1	2.200E+1	1.800E+1	1.700E+1	3.100E+1	2.800E+1	2.500E+1	1.400E+1	2.200E+1	1.300E+1	3.500E+1	4.100E+1	3.800E+1	6.000E+1	1.600E+1	2.500E+1	1.600E+1	1.600E+1	2.600E+1	3.500E+1	3.100E+1	2.000E+0	0.000E+0	0.000E+0	0.000E+0	0.000E+0	0.000E+0	1.000E+0	0.000E+0	2.000E+0	0.000E+0	0.000E+0	0.000E+0	1.000E+0	6.000E+0	1.000E+1	5.200E+1	2.440E+2	1.033E+3	3.685E+3	9.425E+3	1.871E+4	2.994E+4	3.842E+4	3.809E+4	3.003E+4	1.932E+4	9.822E+3	3.908E+3	1.144E+3	2.840E+2	5.900E+1	1.300E+1	4.000E+0	1.000E+0	0.000E+0	1.000E+0	3.000E+0	0.000E+0	0.000E+0	0.000E+0	0.000E+0	0.000E+0	0.000E+0	0.000E+0	0.000E+0	0.000E+0	0.000E+0	0.000E+0	1.000E+0	0.000E+0	0.000E+0	0.000E+0	1.000E+0	0.000E+0	0.000E+0	0.000E+0	0.000E+0	0.000E+0	0.000E+0	0.000E+0	1.000E+0	0.000E+0	0.000E+0
0.000E+0	0.000E+0	1.000E+0	0.000E+0	1.000E+0	0.000E+0	0.000E+0	0.000E+0	0.000E+0	0.000E+0	0.000E+0	2.000E+0	0.000E+0	0.000E+0	0.000E+0	0.000E+0	0.000E+0	0.000E+0	1.000E+0	0.000E+0	0.000E+0	0.000E+0	0.000E+0	0.000E+0	6.000E+0	1.200E+1	2.400E+1	1.800E+1	2.800E+1	2.200E+1	2.300E+1	2.400E+1	3.300E+1	2.000E+1	1.700E+1	2.200E+1	1.700E+1	2.600E+1	3.400E+1	3.200E+1	4.300E+1	3.500E+1	4.000E+1	3.100E+1	3.100E+1	2.300E+1	2.800E+1	2.100E+1	3.700E+1	2.900E+1	2.100E+1	2.900E+1	2.300E+1	3.300E+1	3.200E+1	4.700E+1	4.000E+1	5.700E+1	9.000E+0	1.600E+1	1.500E+1	1.900E+1	1.500E+1	3.300E+1	3.100E+1	0.000E+0	2.000E+0	0.000E+0	0.000E+0	0.000E+0	0.000E+0	0.000E+0	0.000E+0	0.000E+0	0.000E+0	0.000E+0	0.000E+0	1.000E+0	2.000E+0	1.400E+1	3.600E+1	1.900E+2	7.580E+2	2.521E+3	7.489E+3	1.926E+4	3.281E+4	4.009E+4	3.990E+4	3.185E+4	1.934E+4	9.063E+3	3.762E+3	1.173E+3	2.910E+2	5.300E+1	1.000E+1	0.000E+0	1.000E+0	0.000E+0	0.000E+0	0.000E+0	0.000E+0	0.000E+0	1.000E+0	0.000E+0	0.000E+0	1.000E+0	0.000E+0	2.000E+0	1.000E+0	0.000E+0	0.000E+0	0.000E+0	1.000E+0	0.000E+0	0.000E+0	0.000E+0	0.000E+0	0.000E+0	1.000E+0	1.000E+0	0.000E+0	0.000E+0	0.000E+0	0.000E+0	0.000E+0	0.000E+0
1.000E+0	0.000E+0	0.000E+0	0.000E+0	0.000E+0	0.000E+0	0.000E+0	0.000E+0	0.000E+0	1.000E+0	0.000E+0	0.000E+0	0.000E+0	0.000E+0	0.000E+0	0.000E+0	0.000E+0	1.000E+0	0.000E+0	0.000E+0	0.000E+0	0.000E+0	0.000E+0	1.000E+0	6.000E+0	2.000E+1	1.800E+1	2.200E+1	1.800E+1	2.000E+1	1.700E+1	2.400E+1	1.400E+1	1.400E+1	1.900E+1	2.400E+1	1.500E+1	3.100E+1	2.700E+1	4.000E+1	5.700E+1	4.400E+1	3.400E+1	3.400E+1	2.700E+1	2.600E+1	3.400E+1	2.700E+1	1.700E+1	2.400E+1	2.900E+1	2.400E+1	2.900E+1	2.900E+1	3.500E+1	5.800E+1	4.500E+1	6.400E+1	1.800E+1	1.700E+1	2.100E+1	2.500E+1	2.700E+1	2.400E+1	2.700E+1	0.000E+0	0.000E+0	0.000E+0	0.000E+0	0.000E+0	1.000E+0	0.000E+0	0.000E+0	0.000E+0	0.000E+0	0.000E+0	0.000E+0	0.000E+0	2.000E+0	2.000E+0	2.600E+1	1.410E+2	5.570E+2	2.168E+3	7.495E+3	1.873E+4	3.197E+4	4.100E+4	4.070E+4	3.122E+4	1.868E+4	8.845E+3	3.291E+3	8.940E+2	2.240E+2	5.300E+1	9.000E+0	3.000E+0	1.000E+0	1.000E+0	0.000E+0	2.000E+0	0.000E+0	0.000E+0	0.000E+0	0.000E+0	0.000E+0	0.000E+0	0.000E+0	0.000E+0	0.000E+0	0.000E+0	0.000E+0	0.000E+0	2.000E+0	0.000E+0	0.000E+0	0.000E+0	0.000E+0	0.000E+0	0.000E+0	0.000E+0	0.000E+0	0.000E+0	0.000E+0	0.000E+0	0.000E+0	0.000E+0
0.000E+0	1.000E+0	0.000E+0	1.000E+0	0.000E+0	0.000E+0	0.000E+0	0.000E+0	0.000E+0	0.000E+0	1.000E+0	0.000E+0	0.000E+0	0.000E+0	0.000E+0	0.000E+0	1.000E+0	0.000E+0	0.000E+0	1.000E+0	0.000E+0	0.000E+0	0.000E+0	1.000E+0	7.000E+0	1.400E+1	1.400E+1	1.800E+1	2.500E+1	2.800E+1	1.900E+1	2.400E+1	1.700E+1	2.100E+1	1.600E+1	1.700E+1	2.200E+1	2.300E+1	3.500E+1	4.300E+1	3.600E+1	5.800E+1	4.600E+1	3.500E+1	3.500E+1	3.300E+1	2.900E+1	2.300E+1	2.500E+1	2.500E+1	2.400E+1	1.900E+1	1.700E+1	3.100E+1	3.700E+1	3.900E+1	4.400E+1	5.500E+1	1.600E+1	1.500E+1	1.700E+1	1.600E+1	1.500E+1	3.300E+1	2.000E+1	2.000E+0	0.000E+0	0.000E+0	0.000E+0	1.000E+0	0.000E+0	0.000E+0	0.000E+0	0.000E+0	0.000E+0	0.000E+0	0.000E+0	0.000E+0	0.000E+0	6.000E+0	3.200E+1	1.510E+2	7.210E+2	2.545E+3	7.557E+3	1.842E+4	3.207E+4	4.039E+4	3.911E+4	3.187E+4	2.066E+4	9.907E+3	3.605E+3	1.074E+3	3.470E+2	6.300E+1	1.100E+1	3.000E+0	0.000E+0	0.000E+0	0.000E+0	0.000E+0	1.000E+0	0.000E+0	0.000E+0	0.000E+0	0.000E+0	0.000E+0	0.000E+0	0.000E+0	0.000E+0	1.000E+0	0.000E+0	1.000E+0	0.000E+0	0.000E+0	0.000E+0	0.000E+0	0.000E+0	0.000E+0	1.000E+0	0.000E+0	0.000E+0	1.000E+0	0.000E+0	0.000E+0	0.000E+0	0.000E+0
1.000E+0	0.000E+0	1.000E+0	0.000E+0	0.000E+0	0.000E+0	0.000E+0	0.000E+0	0.000E+0	0.000E+0	1.000E+0	1.000E+0	0.000E+0	0.000E+0	0.000E+0	0.000E+0	1.000E+0	0.000E+0	0.000E+0	0.000E+0	0.000E+0	0.000E+0	1.000E+0	0.000E+0	8.000E+0	1.800E+1	1.900E+1	1.900E+1	1.200E+1	1.400E+1	2.300E+1	1.200E+1	2.500E+1	1.900E+1	2.500E+1	2.200E+1	1.200E+1	2.400E+1	3.300E+1	3.500E+1	3.900E+1	5.000E+1	4.000E+1	3.100E+1	2.900E+1	3.200E+1	2.500E+1	2.600E+1	3.200E+1	2.500E+1	1.700E+1	2.700E+1	2.300E+1	2.300E+1	3.800E+1	3.800E+1	4.600E+1	5.900E+1	2.200E+1	1.700E+1	2.000E+1	1.900E+1	1.900E+1	2.500E+1	3.100E+1	1.000E+0	0.000E+0	0.000E+0	0.000E+0	0.000E+0	1.000E+0	0.000E+0	0.000E+0	0.000E+0	0.000E+0	0.000E+0	0.000E+0	0.000E+0	1.000E+0	8.000E+0	3.100E+1	1.540E+2	5.900E+2	2.521E+3	7.726E+3	1.858E+4	3.214E+4	4.026E+4	3.994E+4	3.122E+4	1.916E+4	9.230E+3	3.694E+3	1.060E+3	2.810E+2	5.800E+1	1.600E+1	5.000E+0	3.000E+0	0.000E+0	2.000E+0	0.000E+0	0.000E+0	0.000E+0	0.000E+0	0.000E+0	1.000E+0	0.000E+0	0.000E+0	0.000E+0	0.000E+0	1.000E+0	1.000E+0	0.000E+0	0.000E+0	0.000E+0	1.000E+0	0.000E+0	0.000E+0	1.000E+0	0.000E+0	0.000E+0	0.000E+0	0.000E+0	0.000E+0	0.000E+0	0.000E+0	0.000E+0
0.000E+0	0.000E+0	0.000E+0	1.000E+0	0.000E+0	0.000E+0	1.000E+0	0.000E+0	0.000E+0	0.000E+0	0.000E+0	0.000E+0	1.000E+0	0.000E+0	0.000E+0	1.000E+0	0.000E+0	0.000E+0	0.000E+0	1.000E+0	0.000E+0	0.000E+0	1.000E+0	0.000E+0	5.000E+0	1.500E+1	2.000E+1	2.100E+1	1.800E+1	1.500E+1	1.100E+1	1.300E+1	1.600E+1	1.800E+1	1.700E+1	1.800E+1	1.000E+1	1.700E+1	2.400E+1	3.100E+1	2.400E+1	2.400E+1	2.500E+1	1.600E+1	2.300E+1	2.100E+1	1.700E+1	2.800E+1	1.800E+1	1.500E+1	1.200E+1	2.500E+1	2.100E+1	3.000E+1	3.400E+1	4.500E+1	4.800E+1	5.900E+1	1.300E+1	1.700E+1	2.400E+1	1.100E+1	2.700E+1	2.000E+1	2.400E+1	0.000E+0	0.000E+0	0.000E+0	1.000E+0	0.000E+0	0.000E+0	0.000E+0	0.000E+0	0.000E+0	0.000E+0	0.000E+0	2.000E+0	1.000E+0	2.000E+0	4.000E+0	4.900E+1	1.980E+2	7.090E+2	2.461E+3	7.303E+3	1.775E+4	2.986E+4	3.805E+4	3.720E+4	2.933E+4	1.814E+4	8.888E+3	3.493E+3	1.203E+3	2.840E+2	7.600E+1	1.500E+1	2.000E+0	3.000E+0	0.000E+0	0.000E+0	1.000E+0	0.000E+0	0.000E+0	0.000E+0	0.000E+0	0.000E+0	1.000E+0	0.000E+0	0.000E+0	0.000E+0	1.000E+0	0.000E+0	0.000E+0	0.000E+0	0.000E+0	0.000E+0	0.000E+0	1.000E+0	0.000E+0	0.000E+0	0.000E+0	0.000E+0	0.000E+0	0.000E+0	0.000E+0	0.000E+0	0.000E+0
0.000E+0	0.000E+0	1.000E+0	0.000E+0	0.000E+0	1.000E+0	0.000E+0	0.000E+0	0.000E+0	0.000E+0	0.000E+0	0.000E+0	0.000E+0	0.000E+0	0.000E+0	0.000E+0	0.000E+0	0.000E+0	0.000E+0	0.000E+0	0.000E+0	0.000E+0	0.000E+0	0.000E+0	8.000E+0	2.000E+1	1.300E+1	1.400E+1	1.800E+1	2.500E+1	1.600E+1	3.000E+1	1.200E+1	1.300E+1	1.600E+1	2.500E+1	1.600E+1	1.800E+1	1.500E+1	2.800E+1	3.200E+1	2.200E+1	3.400E+1	2.900E+1	2.500E+1	1.600E+1	2.100E+1	1.600E+1	1.900E+1	2.100E+1	3.500E+1	2.200E+1	2.100E+1	3.400E+1	3.300E+1	4.800E+1	4.800E+1	5.400E+1	1.200E+1	1.800E+1	1.900E+1	1.600E+1	2.100E+1	1.700E+1	1.900E+1	0.000E+0	0.000E+0	0.000E+0	0.000E+0	0.000E+0	0.000E+0	1.000E+0	0.000E+0	0.000E+0	1.000E+0	0.000E+0	1.000E+0	0.000E+0	0.000E+0	4.000E+0	2.200E+1	1.790E+2	8.150E+2	2.525E+3	7.639E+3	1.847E+4	3.112E+4	3.903E+4	3.852E+4	3.051E+4	1.846E+4	8.938E+3	3.412E+3	1.127E+3	2.970E+2	5.200E+1	1.200E+1	2.000E+0	1.000E+0	1.000E+0	0.000E+0	0.000E+0	1.000E+0	0.000E+0	0.000E+0	0.000E+0	0.000E+0	0.000E+0	0.000E+0	0.000E+0	1.000E+0	0.000E+0	0.000E+0	0.000E+0	0.000E+0	0.000E+0	0.000E+0	2.000E+0	1.000E+0	0.000E+0	1.000E+0	0.000E+0	0.000E+0	0.000E+0	0.000E+0	0.000E+0	0.000E+0	1.000E+0
0.000E+0	1.000E+0	0.000E+0	0.000E+0	0.000E+0	0.000E+0	0.000E+0	0.000E+0	0.000E+0	0.000E+0	0.000E+0	0.000E+0	0.000E+0	0.000E+0	0.000E+0	0.000E+0	0.000E+0	0.000E+0	0.000E+0	0.000E+0	0.000E+0	0.000E+0	0.000E+0	1.000E+0	8.000E+0	1.500E+1	1.800E+1	2.400E+1	2.400E+1	2.000E+1	1.400E+1	1.700E+1	1.700E+1	1.300E+1	1.600E+1	2.200E+1	1.700E+1	2.700E+1	2.100E+1	2.400E+1	2.400E+1	1.300E+1	2.500E+1	2.400E+1	1.300E+1	1.300E+1	1.700E+1	2.500E+1	2.300E+1	2.000E+1	2.300E+1	2.100E+1	2.300E+1	1.800E+1	2.000E+1	3.700E+1	4.000E+1	5.800E+1	1.800E+1	1.300E+1	1.600E+1	1.500E+1	1.900E+1	2.900E+1	2.400E+1	0.000E+0	0.000E+0	0.000E+0	0.000E+0	0.000E+0	0.000E+0	1.000E+0	1.000E+0	0.000E+0	0.000E+0	1.000E+0	0.000E+0	1.000E+0	3.000E+0	9.000E+0	3.700E+1	2.060E+2	6.930E+2	2.549E+3	8.135E+3	1.881E+4	3.107E+4	3.985E+4	3.928E+4	3.067E+4	1.851E+4	9.094E+3	3.417E+3	1.012E+3	2.610E+2	5.200E+1	4.000E+0	0.000E+0	0.000E+0	1.000E+0	0.000E+0	0.000E+0	0.000E+0	1.000E+0	0.000E+0	0.000E+0	0.000E+0	0.000E+0	0.000E+0	0.000E+0	0.000E+0	0.000E+0	0.000E+0	1.000E+0	2.000E+0	0.000E+0	1.000E+0	0.000E+0	1.000E+0	0.000E+0	0.000E+0	0.000E+0	0.000E+0	1.000E+0	0.000E+0	0.000E+0	0.000E+0	0.000E+0
0.000E+0	0.000E+0	0.000E+0	0.000E+0	0.000E+0	0.000E+0	0.000E+0	0.000E+0	1.000E+0	0.000E+0	0.000E+0	0.000E+0	0.000E+0	0.000E+0	0.000E+0	0.000E+0	0.000E+0	0.000E+0	0.000E+0	1.000E+0	0.000E+0	0.000E+0	0.000E+0	2.000E+0	6.000E+0	1.200E+1	2.000E+1	1.600E+1	2.100E+1	1.300E+1	2.100E+1	3.600E+1	2.200E+1	2.700E+1	2.100E+1	2.700E+1	2.400E+1	2.000E+1	3.500E+1	2.300E+1	2.600E+1	2.400E+1	1.700E+1	3.000E+1	1.500E+1	1.300E+1	2.800E+1	2.800E+1	2.400E+1	2.300E+1	3.100E+1	2.600E+1	2.600E+1	3.600E+1	3.400E+1	4.700E+1	4.900E+1	7.800E+1	1.500E+1	2.300E+1	2.100E+1	2.200E+1	3.100E+1	2.500E+1	2.800E+1	3.000E+0	0.000E+0	2.000E+0	0.000E+0	0.000E+0	0.000E+0	0.000E+0	0.000E+0	0.000E+0	0.000E+0	0.000E+0	1.000E+0	1.000E+0	0.000E+0	7.000E+0	4.100E+1	1.710E+2	6.960E+2	2.678E+3	7.769E+3	1.755E+4	3.002E+4	3.831E+4	3.709E+4	2.903E+4	1.853E+4	9.327E+3	3.503E+3	1.063E+3	2.700E+2	5.800E+1	1.300E+1	5.000E+0	0.000E+0	1.000E+0	0.000E+0	0.000E+0	0.000E+0	0.000E+0	0.000E+0	0.000E+0	1.000E+0	0.000E+0	0.000E+0	0.000E+0	1.000E+0	0.000E+0	0.000E+0	0.000E+0	0.000E+0	0.000E+0	1.000E+0	0.000E+0	0.000E+0	0.000E+0	0.000E+0	0.000E+0	0.000E+0	0.000E+0	0.000E+0	0.000E+0	1.000E+0	0.000E+0
0.000E+0	0.000E+0	0.000E+0	0.000E+0	1.000E+0	0.000E+0	0.000E+0	0.000E+0	0.000E+0	1.000E+0	1.000E+0	0.000E+0	0.000E+0	0.000E+0	0.000E+0	0.000E+0	0.000E+0	0.000E+0	1.000E+0	0.000E+0	0.000E+0	0.000E+0	0.000E+0	0.000E+0	1.600E+1	2.600E+1	1.800E+1	1.800E+1	2.500E+1	2.500E+1	1.700E+1	2.900E+1	2.800E+1	1.900E+1	1.300E+1	2.400E+1	2.200E+1	2.000E+1	3.000E+1	3.400E+1	4.200E+1	3.400E+1	2.500E+1	3.200E+1	1.800E+1	2.900E+1	2.300E+1	1.600E+1	2.400E+1	2.000E+1	2.600E+1	2.700E+1	2.700E+1	2.400E+1	3.200E+1	5.200E+1	4.500E+1	6.400E+1	1.200E+1	2.100E+1	1.900E+1	1.000E+1	2.200E+1	2.200E+1	1.800E+1	2.000E+0	0.000E+0	0.000E+0	1.000E+0	0.000E+0	0.000E+0	0.000E+0	0.000E+0	0.000E+0	0.000E+0	0.000E+0	0.000E+0	0.000E+0	5.000E+0	7.000E+0	2.900E+1	1.710E+2	6.350E+2	2.521E+3	8.478E+3	1.907E+4	3.123E+4	3.922E+4	3.918E+4	3.025E+4	1.881E+4	9.413E+3	3.686E+3	1.141E+3	3.010E+2	5.800E+1	1.000E+1	7.000E+0	1.000E+0	1.000E+0	1.000E+0	1.000E+0	0.000E+0	0.000E+0	1.000E+0	0.000E+0	1.000E+0	0.000E+0	0.000E+0	0.000E+0	1.000E+0	0.000E+0	1.000E+0	1.000E+0	0.000E+0	0.000E+0	0.000E+0	0.000E+0	0.000E+0	0.000E+0	0.000E+0	0.000E+0	0.000E+0	0.000E+0	0.000E+0	0.000E+0	0.000E+0	0.000E+0
1.000E+0	0.000E+0	0.000E+0	1.000E+0	0.000E+0	0.000E+0	0.000E+0	1.000E+0	0.000E+0	0.000E+0	0.000E+0	0.000E+0	0.000E+0	0.000E+0	0.000E+0	0.000E+0	0.000E+0	0.000E+0	0.000E+0	0.000E+0	0.000E+0	0.000E+0	1.000E+0	0.000E+0	1.100E+1	1.700E+1	1.900E+1	2.000E+1	3.600E+1	2.900E+1	2.300E+1	2.800E+1	2.300E+1	2.600E+1	2.300E+1	2.500E+1	3.800E+1	2.000E+1	3.500E+1	3.900E+1	3.900E+1	3.800E+1	3.100E+1	2.800E+1	2.700E+1	1.800E+1	2.200E+1	1.400E+1	2.900E+1	1.800E+1	1.800E+1	1.500E+1	1.900E+1	1.400E+1	2.000E+1	1.600E+1	2.900E+1	3.900E+1	1.700E+1	1.100E+1	9.000E+0	1.100E+1	1.500E+1	1.900E+1	2.700E+1	1.000E+0	1.000E+0	0.000E+0	0.000E+0	0.000E+0	0.000E+0	0.000E+0	0.000E+0	0.000E+0	1.000E+0	0.000E+0	0.000E+0	1.000E+0	3.000E+0	5.000E+0	2.600E+1	1.410E+2	6.820E+2	2.470E+3	7.851E+3	1.843E+4	3.140E+4	3.888E+4	3.835E+4	3.070E+4	1.899E+4	9.219E+3	3.800E+3	1.303E+3	3.230E+2	8.400E+1	1.200E+1	4.000E+0	4.000E+0	0.000E+0	0.000E+0	0.000E+0	0.000E+0	1.000E+0	0.000E+0	0.000E+0	0.000E+0	0.000E+0	0.000E+0	0.000E+0	0.000E+0	0.000E+0	0.000E+0	0.000E+0	0.000E+0	0.000E+0	0.000E+0	0.000E+0	1.000E+0	2.000E+0	0.000E+0	0.000E+0	0.000E+0	0.000E+0	1.000E+0	0.000E+0	1.000E+0	0.000E+0
0.000E+0	0.000E+0	0.000E+0	1.000E+0	1.000E+0	1.000E+0	1.000E+0	0.000E+0	0.000E+0	0.000E+0	0.000E+0	0.000E+0	0.000E+0	0.000E+0	0.000E+0	0.000E+0	0.000E+0	1.000E+0	0.000E+0	1.000E+0	0.000E+0	0.000E+0	0.000E+0	0.000E+0	1.000E+1	2.800E+1	2.200E+1	2.300E+1	1.900E+1	3.300E+1	2.300E+1	3.200E+1	1.900E+1	2.800E+1	2.300E+1	3.100E+1	2.200E+1	3.200E+1	2.100E+1	4.300E+1	4.000E+1	4.700E+1	2.900E+1	2.500E+1	1.700E+1	1.600E+1	1.600E+1	1.200E+1	2.100E+1	2.100E+1	1.500E+1	1.900E+1	1.300E+1	1.300E+1	2.400E+1	3.200E+1	3.900E+1	4.600E+1	1.500E+1	8.000E+0	1.300E+1	1.400E+1	1.300E+1	1.500E+1	2.300E+1	0.000E+0	0.000E+0	0.000E+0	0.000E+0	0.000E+0	0.000E+0	0.000E+0	1.000E+0	1.000E+0	0.000E+0	0.000E+0	0.000E+0	1.000E+0	0.000E+0	7.000E+0	3.000E+1	1.640E+2	6.010E+2	2.373E+3	7.836E+3	1.876E+4	3.132E+4	3.942E+4	3.912E+4	3.011E+4	1.838E+4	8.491E+3	3.133E+3	8.850E+2	1.900E+2	4.700E+1	1.000E+1	1.000E+0	1.000E+0	0.000E+0	1.000E+0	0.000E+0	1.000E+0	0.000E+0	0.000E+0	0.000E+0	0.000E+0	0.000E+0	0.000E+0	0.000E+0	0.000E+0	0.000E+0	0.000E+0	1.000E+0	0.000E+0	0.000E+0	0.000E+0	1.000E+0	0.000E+0	0.000E+0	1.000E+0	0.000E+0	0.000E+0	1.000E+0	0.000E+0	1.000E+0	0.000E+0	0.000E+0
0.000E+0	0.000E+0	0.000E+0	0.000E+0	0.000E+0	1.000E+0	0.000E+0	0.000E+0	0.000E+0	0.000E+0	0.000E+0	0.000E+0	0.000E+0	0.000E+0	0.000E+0	0.000E+0	0.000E+0	0.000E+0	0.000E+0	1.000E+0	1.000E+0	0.000E+0	0.000E+0	1.000E+0	9.000E+0	2.600E+1	3.800E+1	3.100E+1	2.100E+1	2.400E+1	2.200E+1	2.300E+1	2.200E+1	3.000E+1	3.000E+1	3.200E+1	2.700E+1	3.100E+1	3.900E+1	3.600E+1	5.100E+1	3.600E+1	3.500E+1	3.200E+1	3.900E+1	3.000E+1	1.900E+1	2.600E+1	1.500E+1	2.900E+1	1.800E+1	1.200E+1	1.500E+1	1.100E+1	2.100E+1	3.200E+1	3.500E+1	4.800E+1	1.300E+1	1.700E+1	1.500E+1	1.200E+1	9.000E+0	1.900E+1	2.300E+1	1.000E+0	0.000E+0	0.000E+0	0.000E+0	1.000E+0	0.000E+0	0.000E+0	0.000E+0	0.000E+0	0.000E+0	0.000E+0	1.000E+0	3.000E+0	5.000E+0	6.000E+0	3.800E+1	1.360E+2	5.900E+2	2.388E+3	7.692E+3	1.823E+4	3.049E+4	3.901E+4	3.828E+4	2.992E+4	1.865E+4	8.977E+3	3.482E+3	1.066E+3	2.620E+2	5.500E+1	9.000E+0	3.000E+0	1.000E+0	0.000E+0	0.000E+0	0.000E+0	1.000E+0	1.000E+0	1.000E+0	0.000E+0	0.000E+0	0.000E+0	0.000E+0	0.000E+0	0.000E+0	0.000E+0	0.000E+0	0.000E+0	0.000E+0	0.000E+0	0.000E+0	0.000E+0	0.000E+0	0.000E+0	0.000E+0	0.000E+0	0.000E+0	0.000E+0	0.000E+0	0.000E+0	0.000E+0	0.000E+0
1.000E+0	0.000E+0	0.000E+0	0.000E+0	0.000E+0	2.000E+0	0.000E+0	0.000E+0	2.000E+0	0.000E+0	0.000E+0	0.000E+0	1.000E+0	0.000E+0	0.000E+0	0.000E+0	0.000E+0	0.000E+0	0.000E+0	1.000E+0	0.000E+0	0.000E+0	0.000E+0	0.000E+0	5.000E+0	2.100E+1	2.100E+1	2.400E+1	1.500E+1	2.900E+1	2.700E+1	2.300E+1	2.400E+1	1.900E+1	3.100E+1	2.500E+1	1.700E+1	2.900E+1	3.300E+1	3.600E+1	4.400E+1	4.500E+1	5.200E+1	2.700E+1	2.700E+1	1.900E+1	2.500E+1	1.800E+1	1.700E+1	1.400E+1	1.800E+1	1.800E+1	1.000E+1	2.200E+1	2.100E+1	4.200E+1	4.800E+1	4.500E+1	1.400E+1	2.000E+1	1.600E+1	1.200E+1	1.400E+1	1.800E+1	2.900E+1	0.000E+0	0.000E+0	0.000E+0	0.000E+0	0.000E+0	0.000E+0	0.000E+0	0.000E+0	0.000E+0	0.000E+0	0.000E+0	1.000E+0	0.000E+0	3.000E+0	4.000E+0	2.800E+1	1.590E+2	6.590E+2	2.299E+3	6.962E+3	1.726E+4	2.981E+4	3.768E+4	3.681E+4	2.901E+4	1.758E+4	8.628E+3	3.407E+3	1.120E+3	2.660E+2	5.700E+1	7.000E+0	3.000E+0	0.000E+0	0.000E+0	0.000E+0	0.000E+0	0.000E+0	0.000E+0	0.000E+0	2.000E+0	0.000E+0	1.000E+0	0.000E+0	0.000E+0	0.000E+0	1.000E+0	0.000E+0	0.000E+0	0.000E+0	0.000E+0	0.000E+0	1.000E+0	0.000E+0	0.000E+0	0.000E+0	0.000E+0	0.000E+0	2.000E+0	0.000E+0	0.000E+0	1.000E+0	0.000E+0
0.000E+0	2.000E+0	1.000E+0	0.000E+0	0.000E+0	0.000E+0	1.000E+0	1.000E+0	0.000E+0	0.000E+0	1.000E+0	0.000E+0	0.000E+0	0.000E+0	0.000E+0	1.000E+0	0.000E+0	0.000E+0	0.000E+0	0.000E+0	0.000E+0	0.000E+0	0.000E+0	1.000E+0	6.000E+0	1.900E+1	3.000E+1	1.700E+1	1.900E+1	3.000E+1	2.400E+1	2.900E+1	2.800E+1	3.500E+1	2.700E+1	2.500E+1	1.900E+1	2.400E+1	3.600E+1	4.000E+1	4.500E+1	4.200E+1	3.700E+1	3.200E+1	2.400E+1	2.400E+1	2.000E+1	2.500E+1	2.000E+1	1.800E+1	1.100E+1	1.800E+1	1.900E+1	1.100E+1	1.900E+1	3.100E+1	3.100E+1	3.000E+1	1.700E+1	1.900E+1	1.600E+1	1.300E+1	1.500E+1	2.700E+1	1.600E+1	1.000E+0	1.000E+0	0.000E+0	0.000E+0	0.000E+0	0.000E+0	0.000E+0	0.000E+0	1.000E+0	0.000E+0	0.000E+0	1.000E+0	1.000E+0	2.000E+0	3.000E+0	3.000E+1	1.120E+2	5.630E+2	2.322E+3	7.616E+3	1.778E+4	3.101E+4	3.929E+4	3.888E+4	3.006E+4	1.817E+4	8.572E+3	3.173E+3	9.470E+2	2.060E+2	4.100E+1	8.000E+0	1.000E+0	1.000E+0	0.000E+0	0.000E+0	0.000E+0	0.000E+0	1.000E+0	0.000E+0	1.000E+0	0.000E+0	0.000E+0	0.000E+0	0.000E+0	0.000E+0	1.000E+0	0.000E+0	1.000E+0	0.000E+0	0.000E+0	0.000E+0	1.000E+0	0.000E+0	0.000E+0	1.000E+0	1.000E+0	0.000E+0	1.000E+0	1.000E+0	0.000E+0	0.000E+0	0.000E+0
0.000E+0	0.000E+0	0.000E+0	0.000E+0	0.000E+0	1.000E+0	0.000E+0	0.000E+0	0.000E+0	0.000E+0	0.000E+0	0.000E+0	0.000E+0	0.000E+0	1.000E+0	0.000E+0	0.000E+0	0.000E+0	1.000E+0	1.000E+0	0.000E+0	0.000E+0	0.000E+0	0.000E+0	7.000E+0	2.000E+1	2.100E+1	2.000E+1	2.400E+1	2.000E+1	2.300E+1	2.300E+1	2.800E+1	2.400E+1	1.500E+1	2.100E+1	3.300E+1	2.700E+1	3.500E+1	3.500E+1	4.100E+1	4.900E+1	2.300E+1	2.700E+1	2.000E+1	2.400E+1	1.300E+1	2.100E+1	1.100E+1	1.100E+1	1.600E+1	1.200E+1	2.300E+1	2.100E+1	1.800E+1	3.300E+1	4.200E+1	4.300E+1	1.800E+1	1.300E+1	8.000E+0	1.300E+1	1.500E+1	2.100E+1	2.600E+1	1.000E+0	0.000E+0	0.000E+0	0.000E+0	0.000E+0	0.000E+0	0.000E+0	0.000E+0	0.000E+0	1.000E+0	1.000E+0	0.000E+0	0.000E+0	1.000E+0	3.000E+0	2.000E+1	1.300E+2	6.190E+2	2.259E+3	7.217E+3	1.723E+4	2.970E+4	3.752E+4	3.661E+4	2.903E+4	1.805E+4	8.602E+3	3.236E+3	1.029E+3	2.850E+2	6.100E+1	1.200E+1	1.000E+0	0.000E+0	0.000E+0	0.000E+0	0.000E+0	0.000E+0	0.000E+0	0.000E+0	1.000E+0	0.000E+0	0.000E+0	0.000E+0	0.000E+0	0.000E+0	0.000E+0	0.000E+0	0.000E+0	0.000E+0	0.000E+0	0.000E+0	0.000E+0	0.000E+0	0.000E+0	1.000E+0	0.000E+0	0.000E+0	1.000E+0	1.000E+0	0.000E+0	1.000E+0	0.000E+0
0.000E+0	0.000E+0	0.000E+0	0.000E+0	0.000E+0	0.000E+0	0.000E+0	0.000E+0	0.000E+0	1.000E+0	0.000E+0	0.000E+0	1.000E+0	0.000E+0	0.000E+0	0.000E+0	0.000E+0	0.000E+0	0.000E+0	0.000E+0	0.000E+0	2.000E+0	0.000E+0	1.000E+0	8.000E+0	2.000E+1	2.600E+1	2.200E+1	1.900E+1	2.200E+1	1.800E+1	1.300E+1	2.500E+1	2.300E+1	2.800E+1	2.700E+1	1.900E+1	3.100E+1	3.200E+1	3.700E+1	4.600E+1	4.700E+1	4.000E+1	2.000E+1	2.000E+1	1.500E+1	1.200E+1	1.600E+1	1.900E+1	1.300E+1	2.400E+1	1.800E+1	1.400E+1	2.300E+1	2.200E+1	3.600E+1	2.800E+1	3.800E+1	1.600E+1	1.700E+1	1.400E+1	1.600E+1	9.000E+0	2.600E+1	2.600E+1	2.000E+0	0.000E+0	0.000E+0	1.000E+0	0.000E+0	0.000E+0	0.000E+0	1.000E+0	0.000E+0	0.000E+0	1.000E+0	0.000E+0	1.000E+0	1.000E+0	4.000E+0	2.900E+1	1.710E+2	6.820E+2	2.560E+3	7.397E+3	1.736E+4	3.024E+4	3.814E+4	3.812E+4	2.982E+4	1.853E+4	9.098E+3	3.216E+3	9.180E+2	2.340E+2	6.000E+1	1.100E+1	3.000E+0	0.000E+0	0.000E+0	1.000E+0	0.000E+0	0.000E+0	0.000E+0	0.000E+0	0.000E+0	0.000E+0	0.000E+0	0.000E+0	0.000E+0	0.000E+0	0.000E+0	0.000E+0	0.000E+0	0.000E+0	0.000E+0	0.000E+0	0.000E+0	0.000E+0	0.000E+0	0.000E+0	0.000E+0	0.000E+0	0.000E+0	0.000E+0	0.000E+0	0.000E+0	0.000E+0
0.000E+0	0.000E+0	0.000E+0	0.000E+0	0.000E+0	0.000E+0	1.000E+0	0.000E+0	0.000E+0	0.000E+0	0.000E+0	0.000E+0	0.000E+0	0.000E+0	0.000E+0	0.000E+0	1.000E+0	0.000E+0	0.000E+0	1.000E+0	0.000E+0	0.000E+0	2.000E+0	0.000E+0	5.000E+0	2.800E+1	1.900E+1	1.500E+1	1.900E+1	2.500E+1	2.100E+1	1.800E+1	2.700E+1	3.300E+1	3.000E+1	2.500E+1	2.400E+1	3.500E+1	2.500E+1	4.100E+1	3.800E+1	4.200E+1	3.000E+1	2.900E+1	2.000E+1	1.800E+1	1.400E+1	1.300E+1	2.000E+1	1.700E+1	2.300E+1	1.400E+1	1.600E+1	2.000E+1	2.300E+1	3.500E+1	2.300E+1	4.000E+1	6.000E+0	1.200E+1	1.700E+1	2.000E+1	2.100E+1	2.100E+1	2.400E+1	1.000E+0	0.000E+0	0.000E+0	0.000E+0	0.000E+0	0.000E+0	0.000E+0	0.000E+0	0.000E+0	0.000E+0	0.000E+0	0.000E+0	1.000E+0	1.000E+0	5.000E+0	2.000E+1	1.390E+2	5.570E+2	2.135E+3	7.391E+3	1.793E+4	3.095E+4	3.898E+4	3.887E+4	3.055E+4	1.877E+4	8.205E+3	3.229E+3	9.180E+2	2.580E+2	6.200E+1	1.900E+1	4.000E+0	2.000E+0	0.000E+0	0.000E+0	0.000E+0	0.000E+0	0.000E+0	0.000E+0	0.000E+0	0.000E+0	1.000E+0	2.000E+0	0.000E+0	0.000E+0	0.000E+0	0.000E+0	0.000E+0	0.000E+0	0.000E+0	0.000E+0	0.000E+0	0.000E+0	1.000E+0	0.000E+0	0.000E+0	0.000E+0	1.000E+0	1.000E+0	1.000E+0	1.000E+0	0.000E+0
2.000E+0	0.000E+0	0.000E+0	0.000E+0	0.000E+0	0.000E+0	0.000E+0	0.000E+0	0.000E+0	0.000E+0	0.000E+0	0.000E+0	0.000E+0	1.000E+0	0.000E+0	0.000E+0	1.000E+0	1.000E+0	0.000E+0	0.000E+0	0.000E+0	0.000E+0	0.000E+0	1.000E+0	8.000E+0	2.200E+1	1.900E+1	3.700E+1	2.700E+1	2.200E+1	2.700E+1	2.200E+1	1.600E+1	2.800E+1	1.800E+1	2.500E+1	2.400E+1	3.000E+1	2.500E+1	3.700E+1	5.000E+1	4.300E+1	4.400E+1	2.000E+1	2.500E+1	2.300E+1	1.900E+1	1.500E+1	1.200E+1	1.700E+1	1.800E+1	1.800E+1	9.000E+0	1.300E+1	2.300E+1	2.700E+1	4.500E+1	5.100E+1	1.300E+1	9.000E+0	1.200E+1	1.000E+1	1.700E+1	2.200E+1	2.700E+1	0.000E+0	0.000E+0	0.000E+0	0.000E+0	0.000E+0	0.000E+0	0.000E+0	1.000E+0	0.000E+0	0.000E+0	0.000E+0	0.000E+0	0.000E+0	3.000E+0	1.100E+1	3.600E+1	1.610E+2	6.140E+2	2.441E+3	8.128E+3	1.840E+4	3.056E+4	3.893E+4	3.862E+4	3.062E+4	1.866E+4	8.860E+3	3.247E+3	9.660E+2	2.050E+2	5.300E+1	7.000E+0	2.000E+0	1.000E+0	1.000E+0	0.000E+0	0.000E+0	0.000E+0	0.000E+0	0.000E+0	0.000E+0	0.000E+0	0.000E+0	0.000E+0	1.000E+0	0.000E+0	0.000E+0	0.000E+0	0.000E+0	0.000E+0	0.000E+0	0.000E+0	0.000E+0	0.000E+0	0.000E+0	0.000E+0	0.000E+0	0.000E+0	0.000E+0	0.000E+0	0.000E+0	0.000E+0	1.000E+0
0.000E+0	0.000E+0	0.000E+0	1.000E+0	0.000E+0	0.000E+0	0.000E+0	0.000E+0	0.000E+0	0.000E+0	0.000E+0	0.000E+0	0.000E+0	0.000E+0	0.000E+0	0.000E+0	1.000E+0	1.000E+0	0.000E+0	0.000E+0	0.000E+0	0.000E+0	0.000E+0	0.000E+0	9.000E+0	2.900E+1	2.400E+1	2.100E+1	2.600E+1	3.100E+1	2.100E+1	2.000E+1	1.900E+1	2.600E+1	3.100E+1	2.800E+1	2.800E+1	1.800E+1	4.400E+1	3.800E+1	3.700E+1	5.100E+1	3.500E+1	3.500E+1	2.100E+1	2.000E+1	1.400E+1	2.400E+1	1.900E+1	1.900E+1	1.300E+1	1.400E+1	1.500E+1	2.100E+1	2.600E+1	3.700E+1	3.500E+1	4.500E+1	5.000E+0	1.000E+1	1.600E+1	1.300E+1	2.100E+1	2.200E+1	2.300E+1	1.000E+0	0.000E+0	0.000E+0	0.000E+0	0.000E+0	0.000E+0	0.000E+0	1.000E+0	0.000E+0	0.000E+0	0.000E+0	0.000E+0	2.000E+0	3.000E+0	1.200E+1	4.000E+1	1.690E+2	6.270E+2	2.442E+3	7.919E+3	1.851E+4	3.113E+4	3.922E+4	3.896E+4	3.037E+4	1.894E+4	8.951E+3	3.298E+3	9.380E+2	2.230E+2	4.900E+1	1.100E+1	5.000E+0	0.000E+0	0.000E+0	0.000E+0	0.000E+0	1.000E+0	0.000E+0	0.000E+0	0.000E+0	0.000E+0	0.000E+0	0.000E+0	0.000E+0	0.000E+0	0.000E+0	0.000E+0	0.000E+0	0.000E+0	0.000E+0	0.000E+0	0.000E+0	0.000E+0	0.000E+0	0.000E+0	0.000E+0	0.000E+0	0.000E+0	1.000E+0	0.000E+0	0.000E+0	0.000E+0
0.000E+0	0.000E+0	0.000E+0	0.000E+0	0.000E+0	0.000E+0	0.000E+0	0.000E+0	0.000E+0	0.000E+0	0.000E+0	0.000E+0	0.000E+0	1.000E+0	0.000E+0	0.000E+0	1.000E+0	0.000E+0	1.000E+0	0.000E+0	0.000E+0	0.000E+0	1.000E+0	1.000E+0	1.100E+1	2.400E+1	2.800E+1	3.100E+1	2.800E+1	2.600E+1	2.400E+1	3.100E+1	2.600E+1	2.300E+1	2.300E+1	3.100E+1	2.300E+1	2.900E+1	2.900E+1	4.200E+1	5.800E+1	4.600E+1	3.300E+1	2.100E+1	2.200E+1	2.100E+1	1.200E+1	1.500E+1	2.200E+1	1.100E+1	1.200E+1	2.000E+1	2.800E+1	2.100E+1	1.900E+1	2.600E+1	3.700E+1	4.400E+1	2.500E+1	1.100E+1	1.400E+1	1.600E+1	1.200E+1	2.100E+1	2.800E+1	1.000E+0	0.000E+0	0.000E+0	0.000E+0	0.000E+0	0.000E+0	0.000E+0	1.000E+0	0.000E+0	1.000E+0	0.000E+0	0.000E+0	0.000E+0	2.000E+0	1.000E+1	3.200E+1	1.430E+2	6.800E+2	2.469E+3	7.740E+3	1.853E+4	3.152E+4	4.048E+4	4.013E+4	3.127E+4	1.907E+4	8.951E+3	3.281E+3	9.370E+2	2.440E+2	6.100E+1	1.300E+1	1.000E+0	0.000E+0	0.000E+0	1.000E+0	0.000E+0	0.000E+0	0.000E+0	0.000E+0	0.000E+0	0.000E+0	0.000E+0	0.000E+0	1.000E+0	1.000E+0	0.000E+0	0.000E+0	0.000E+0	0.000E+0	0.000E+0	0.000E+0	0.000E+0	0.000E+0	0.000E+0	1.000E+0	0.000E+0	0.000E+0	0.000E+0	0.000E+0	0.000E+0	0.000E+0	0.000E+0
0.000E+0	0.000E+0	2.000E+0	0.000E+0	1.000E+0	0.000E+0	1.000E+0	0.000E+0	0.000E+0	0.000E+0	0.000E+0	0.000E+0	0.000E+0	0.000E+0	0.000E+0	0.000E+0	0.000E+0	0.000E+0	1.000E+0	0.000E+0	0.000E+0	0.000E+0	0.000E+0	0.000E+0	8.000E+0	2.000E+1	3.500E+1	1.300E+1	1.800E+1	3.100E+1	2.700E+1	2.200E+1	2.900E+1	2.300E+1	2.600E+1	2.200E+1	2.600E+1	2.700E+1	3.200E+1	4.800E+1	4.000E+1	4.600E+1	3.400E+1	3.600E+1	2.900E+1	2.200E+1	1.500E+1	5.000E+0	1.800E+1	1.800E+1	1.000E+1	1.600E+1	2.300E+1	9.000E+0	1.600E+1	2.100E+1	2.400E+1	4.200E+1	1.100E+1	1.900E+1	1.600E+1	1.400E+1	1.700E+1	2.100E+1	2.400E+1	0.000E+0	0.000E+0	0.000E+0	1.000E+0	0.000E+0	0.000E+0	0.000E+0	0.000E+0	0.000E+0	0.000E+0	0.000E+0	0.000E+0	0.000E+0	2.000E+0	1.200E+1	2.600E+1	1.700E+2	7.370E+2	2.264E+3	7.794E+3	1.891E+4	3.165E+4	3.977E+4	3.961E+4	3.153E+4	1.952E+4	8.951E+3	3.336E+3	1.018E+3	2.880E+2	7.800E+1	1.100E+1	5.000E+0	2.000E+0	1.000E+0	1.000E+0	0.000E+0	1.000E+0	0.000E+0	0.000E+0	0.000E+0	0.000E+0	0.000E+0	0.000E+0	0.000E+0	0.000E+0	1.000E+0	0.000E+0	0.000E+0	0.000E+0	0.000E+0	0.000E+0	0.000E+0	0.000E+0	0.000E+0	0.000E+0	0.000E+0	0.000E+0	1.000E+0	0.000E+0	0.000E+0	0.000E+0	0.000E+0
0.000E+0	0.000E+0	0.000E+0	0.000E+0	0.000E+0	0.000E+0	0.000E+0	0.000E+0	0.000E+0	0.000E+0	0.000E+0	0.000E+0	0.000E+0	0.000E+0	0.000E+0	0.000E+0	0.000E+0	0.000E+0	0.000E+0	1.000E+0	0.000E+0	0.000E+0	0.000E+0	1.000E+0	8.000E+0	1.700E+1	2.200E+1	1.800E+1	2.000E+1	2.900E+1	1.200E+1	2.900E+1	2.600E+1	2.200E+1	2.500E+1	1.600E+1	2.800E+1	2.900E+1	3.200E+1	3.300E+1	5.300E+1	5.600E+1	3.500E+1	2.300E+1	2.200E+1	1.800E+1	9.000E+0	1.700E+1	2.000E+1	1.300E+1	1.600E+1	1.400E+1	2.000E+1	2.400E+1	2.000E+1	3.900E+1	4.500E+1	4.300E+1	1.100E+1	1.200E+1	4.000E+0	7.000E+0	1.700E+1	2.100E+1	2.200E+1	2.000E+0	0.000E+0	0.000E+0	0.000E+0	0.000E+0	0.000E+0	0.000E+0	0.000E+0	0.000E+0	0.000E+0	1.000E+0	0.000E+0	0.000E+0	1.000E+0	5.000E+0	2.600E+1	1.210E+2	6.070E+2	2.178E+3	7.434E+3	1.892E+4	3.219E+4	3.985E+4	3.980E+4	3.194E+4	1.926E+4	8.592E+3	3.240E+3	1.048E+3	2.240E+2	5.500E+1	1.100E+1	3.000E+0	1.000E+0	0.000E+0	0.000E+0	0.000E+0	0.000E+0	0.000E+0	0.000E+0	1.000E+0	1.000E+0	1.000E+0	0.000E+0	0.000E+0	0.000E+0	1.000E+0	0.000E+0	0.000E+0	0.000E+0	0.000E+0	0.000E+0	0.000E+0	0.000E+0	2.000E+0	0.000E+0	0.000E+0	0.000E+0	0.000E+0	0.000E+0	0.000E+0	0.000E+0	0.000E+0
0.000E+0	0.000E+0	0.000E+0	0.000E+0	1.000E+0	0.000E+0	1.000E+0	0.000E+0	0.000E+0	0.000E+0	0.000E+0	0.000E+0	0.000E+0	1.000E+0	1.000E+0	0.000E+0	0.000E+0	1.000E+0	0.000E+0	0.000E+0	0.000E+0	0.000E+0	1.000E+0	1.000E+0	1.100E+1	2.600E+1	2.700E+1	2.500E+1	2.400E+1	1.900E+1	2.600E+1	3.600E+1	1.800E+1	1.800E+1	2.400E+1	3.300E+1	2.200E+1	2.300E+1	3.800E+1	4.600E+1	4.800E+1	4.300E+1	3.500E+1	2.400E+1	1.900E+1	2.100E+1	1.200E+1	1.200E+1	1.700E+1	1.700E+1	1.000E+1	1.500E+1	1.900E+1	2.600E+1	2.300E+1	3.700E+1	4.600E+1	2.900E+1	1.200E+1	1.300E+1	1.200E+1	2.000E+1	2.200E+1	1.900E+1	2.000E+1	2.000E+0	0.000E+0	0.000E+0	0.000E+0	0.000E+0	0.000E+0	0.000E+0	0.000E+0	0.000E+0	0.000E+0	0.000E+0	1.000E+0	0.000E+0	5.000E+0	2.000E+0	2.800E+1	1.450E+2	5.780E+2	2.226E+3	7.533E+3	1.875E+4	3.268E+4	4.085E+4	4.105E+4	3.235E+4	1.909E+4	8.380E+3	3.082E+3	9.760E+2	2.790E+2	5.800E+1	1.200E+1	5.000E+0	0.000E+0	0.000E+0	2.000E+0	0.000E+0	0.000E+0	0.000E+0	0.000E+0	0.000E+0	1.000E+0	0.000E+0	0.000E+0	0.000E+0	0.000E+0	0.000E+0	1.000E+0	0.000E+0	0.000E+0	0.000E+0	1.000E+0	0.000E+0	0.000E+0	0.000E+0	0.000E+0	0.000E+0	0.000E+0	0.000E+0	0.000E+0	1.000E+0	0.000E+0	0.000E+0
