# data file: O:\Labs\Laser-Lab 7-105a\BLS\BLS Data\2017-06-02\NRCL\2017-06-02_M2_const4p0GHz_0dBm_kepco_-0p35to0p15_both_pos_F3.tha
# data: TFPDAS4-Project - COUNTS ACC
# x axis: Kepco_XPS - Control Voltage Kepco
# y axis: Frequency
# x offset/multiplier: -3.500000E-1 / 1.000000E-2
# y offset/multiplier: -1.200000E+1 / 7.500000E-2
# Agilent_E8257D - FREQUENCY (Hz) - repetition: sum
# Kepco_XPS - Control Voltage Kepco - repetition: sum
# MICROSCOPE - ScanDimension_1 - repetition: sum
# Agilent_E8257D - FREQUENCY (Hz) - value: 4.000000E+9
# Kepco_XPS - Control Voltage Kepco - value: -3.500000E-1
# MICROSCOPE - ScanDimension_1 - value: 1.000000E+0
# Frequency between: -1.200000E+1 and 2.925000E+0 GHz
0.000E+0	0.000E+0	1.000E+0	0.000E+0	0.000E+0	1.000E+0	0.000E+0	0.000E+0	1.000E+0	0.000E+0	0.000E+0	0.000E+0	0.000E+0	0.000E+0	0.000E+0	0.000E+0	0.000E+0	0.000E+0	0.000E+0	0.000E+0	0.000E+0	1.000E+0	0.000E+0	0.000E+0	0.000E+0	0.000E+0	0.000E+0	0.000E+0	0.000E+0	0.000E+0	1.000E+0	0.000E+0	0.000E+0	0.000E+0	0.000E+0	0.000E+0	0.000E+0	1.000E+0	0.000E+0	0.000E+0	4.000E+0	1.500E+1	1.200E+1	8.000E+0	1.200E+1	7.000E+0	7.000E+0	1.200E+1	8.000E+0	1.600E+1	1.600E+1	1.100E+1	6.000E+0	1.800E+1	1.300E+1	1.500E+1	1.300E+1	1.600E+1	1.400E+1	1.200E+1	1.800E+1	1.800E+1	1.500E+1	1.600E+1	1.900E+1	9.000E+0	1.700E+1	1.200E+1	1.200E+1	1.000E+1	1.600E+1	1.900E+1	1.400E+1	2.100E+1	1.900E+1	2.100E+1	1.500E+1	2.000E+1	2.200E+1	2.300E+1	1.800E+1	2.600E+1	3.300E+1	2.200E+1	3.100E+1	2.900E+1	3.600E+1	3.800E+1	3.300E+1	3.500E+1	3.100E+1	2.900E+1	2.300E+1	3.500E+1	2.300E+1	2.200E+1	1.700E+1	2.800E+1	2.100E+1	1.700E+1	3.200E+1	1.800E+1	1.900E+1	2.000E+1	8.000E+0	4.000E+0	6.000E+0	8.000E+0	5.000E+0	7.000E+0	6.000E+0	6.000E+0	1.100E+1	1.000E+1	8.000E+0	2.000E+0	6.000E+0	6.000E+0	1.300E+1	6.000E+0	6.000E+0	5.000E+0	1.100E+1	9.000E+0	5.000E+0	3.000E+0	4.000E+0	2.000E+0	1.000E+0	0.000E+0	3.000E+0	1.000E+0	0.000E+0	0.000E+0	0.000E+0	1.000E+0	0.000E+0	0.000E+0	0.000E+0	0.000E+0	0.000E+0	0.000E+0	0.000E+0	0.000E+0	0.000E+0	0.000E+0	0.000E+0	0.000E+0	0.000E+0	0.000E+0	1.000E+0	5.000E+0	3.000E+1	9.900E+1	4.320E+2	1.851E+3	6.284E+3	1.568E+4	2.537E+4	3.151E+4	3.082E+4	2.454E+4	1.568E+4	7.795E+3	3.299E+3	1.182E+3	4.240E+2	1.490E+2	4.700E+1	1.100E+1	4.000E+0	1.000E+0	0.000E+0	0.000E+0	1.000E+0	0.000E+0	0.000E+0	0.000E+0	0.000E+0	0.000E+0	1.000E+0	0.000E+0	0.000E+0	0.000E+0	0.000E+0	0.000E+0	1.000E+0	0.000E+0	0.000E+0	0.000E+0	0.000E+0	1.000E+0	1.000E+0	0.000E+0	0.000E+0	0.000E+0	0.000E+0	1.000E+0	0.000E+0	0.000E+0
0.000E+0	0.000E+0	0.000E+0	0.000E+0	0.000E+0	1.000E+0	0.000E+0	0.000E+0	0.000E+0	0.000E+0	0.000E+0	0.000E+0	0.000E+0	0.000E+0	0.000E+0	0.000E+0	0.000E+0	0.000E+0	0.000E+0	2.000E+0	0.000E+0	0.000E+0	0.000E+0	0.000E+0	0.000E+0	0.000E+0	1.000E+0	0.000E+0	0.000E+0	1.000E+0	0.000E+0	0.000E+0	1.000E+0	1.000E+0	0.000E+0	0.000E+0	0.000E+0	0.000E+0	0.000E+0	1.000E+0	4.000E+0	9.000E+0	1.300E+1	1.400E+1	1.000E+1	9.000E+0	1.000E+1	1.300E+1	8.000E+0	1.000E+1	1.300E+1	1.400E+1	1.600E+1	9.000E+0	8.000E+0	1.400E+1	6.000E+0	1.300E+1	1.300E+1	1.800E+1	1.700E+1	1.600E+1	2.100E+1	1.200E+1	1.000E+1	1.800E+1	1.000E+1	1.700E+1	1.500E+1	1.700E+1	1.400E+1	1.800E+1	1.900E+1	1.000E+1	1.900E+1	1.500E+1	2.000E+1	3.500E+1	2.700E+1	2.200E+1	3.600E+1	1.900E+1	2.300E+1	2.700E+1	2.400E+1	2.600E+1	2.500E+1	2.800E+1	3.500E+1	3.200E+1	3.800E+1	3.100E+1	3.400E+1	3.000E+1	3.100E+1	2.400E+1	2.000E+1	2.200E+1	1.500E+1	3.700E+1	1.900E+1	2.200E+1	1.300E+1	1.700E+1	1.200E+1	1.400E+1	5.000E+0	9.000E+0	7.000E+0	1.100E+1	4.000E+0	8.000E+0	7.000E+0	4.000E+0	7.000E+0	3.000E+0	1.000E+1	3.000E+0	2.000E+0	4.000E+0	3.000E+0	6.000E+0	7.000E+0	4.000E+0	2.000E+0	0.000E+0	1.000E+0	1.000E+0	5.000E+0	3.000E+0	3.000E+0	3.000E+0	0.000E+0	0.000E+0	0.000E+0	1.000E+0	0.000E+0	0.000E+0	0.000E+0	0.000E+0	0.000E+0	0.000E+0	1.000E+0	0.000E+0	0.000E+0	0.000E+0	0.000E+0	0.000E+0	0.000E+0	1.000E+0	0.000E+0	5.000E+0	3.000E+1	1.020E+2	4.820E+2	2.015E+3	6.331E+3	1.569E+4	2.615E+4	3.230E+4	3.230E+4	2.562E+4	1.590E+4	7.318E+3	2.521E+3	6.900E+2	1.360E+2	3.800E+1	9.000E+0	0.000E+0	3.000E+0	0.000E+0	0.000E+0	1.000E+0	0.000E+0	0.000E+0	0.000E+0	0.000E+0	0.000E+0	0.000E+0	1.000E+0	0.000E+0	0.000E+0	0.000E+0	0.000E+0	0.000E+0	0.000E+0	0.000E+0	0.000E+0	0.000E+0	0.000E+0	0.000E+0	1.000E+0	0.000E+0	0.000E+0	0.000E+0	0.000E+0	0.000E+0	0.000E+0	0.000E+0
0.000E+0	0.000E+0	0.000E+0	0.000E+0	0.000E+0	0.000E+0	0.000E+0	0.000E+0	0.000E+0	0.000E+0	1.000E+0	0.000E+0	0.000E+0	0.000E+0	0.000E+0	0.000E+0	0.000E+0	1.000E+0	0.000E+0	0.000E+0	1.000E+0	0.000E+0	0.000E+0	0.000E+0	0.000E+0	0.000E+0	1.000E+0	0.000E+0	0.000E+0	0.000E+0	0.000E+0	0.000E+0	0.000E+0	0.000E+0	0.000E+0	0.000E+0	0.000E+0	0.000E+0	0.000E+0	0.000E+0	7.000E+0	6.000E+0	1.300E+1	1.600E+1	1.200E+1	9.000E+0	1.000E+1	1.100E+1	9.000E+0	1.000E+1	1.000E+1	1.500E+1	1.600E+1	1.700E+1	1.400E+1	2.100E+1	1.200E+1	1.000E+1	1.700E+1	8.000E+0	1.300E+1	9.000E+0	1.600E+1	2.000E+1	5.000E+0	1.600E+1	1.600E+1	2.000E+1	1.400E+1	2.400E+1	8.000E+0	1.400E+1	1.300E+1	2.300E+1	2.000E+1	1.300E+1	1.900E+1	1.600E+1	2.700E+1	2.100E+1	2.200E+1	2.500E+1	1.900E+1	2.200E+1	1.600E+1	3.200E+1	2.900E+1	2.900E+1	3.100E+1	3.400E+1	3.700E+1	2.800E+1	3.800E+1	2.300E+1	3.100E+1	2.400E+1	2.600E+1	3.300E+1	3.700E+1	4.400E+1	4.600E+1	2.700E+1	1.600E+1	1.600E+1	1.100E+1	9.000E+0	3.000E+0	9.000E+0	1.000E+1	6.000E+0	8.000E+0	7.000E+0	8.000E+0	7.000E+0	3.000E+0	7.000E+0	8.000E+0	4.000E+0	5.000E+0	2.000E+0	7.000E+0	6.000E+0	3.000E+0	6.000E+0	3.000E+0	4.000E+0	3.000E+0	1.000E+0	0.000E+0	0.000E+0	4.000E+0	0.000E+0	0.000E+0	0.000E+0	1.000E+0	0.000E+0	0.000E+0	0.000E+0	0.000E+0	0.000E+0	0.000E+0	0.000E+0	0.000E+0	0.000E+0	0.000E+0	0.000E+0	0.000E+0	1.000E+0	0.000E+0	0.000E+0	0.000E+0	8.000E+0	3.600E+1	1.140E+2	5.260E+2	2.200E+3	6.888E+3	1.527E+4	2.547E+4	3.203E+4	3.197E+4	2.511E+4	1.632E+4	7.860E+3	2.896E+3	8.030E+2	2.050E+2	3.300E+1	7.000E+0	0.000E+0	0.000E+0	0.000E+0	0.000E+0	0.000E+0	0.000E+0	1.000E+0	0.000E+0	1.000E+0	0.000E+0	0.000E+0	0.000E+0	0.000E+0	0.000E+0	0.000E+0	0.000E+0	0.000E+0	1.000E+0	0.000E+0	0.000E+0	0.000E+0	0.000E+0	0.000E+0	0.000E+0	0.000E+0	0.000E+0	0.000E+0	0.000E+0	0.000E+0	0.000E+0	0.000E+0
0.000E+0	0.000E+0	0.000E+0	0.000E+0	0.000E+0	0.000E+0	0.000E+0	0.000E+0	1.000E+0	0.000E+0	0.000E+0	0.000E+0	1.000E+0	0.000E+0	1.000E+0	0.000E+0	0.000E+0	0.000E+0	0.000E+0	0.000E+0	0.000E+0	0.000E+0	0.000E+0	0.000E+0	0.000E+0	0.000E+0	0.000E+0	0.000E+0	0.000E+0	0.000E+0	0.000E+0	0.000E+0	0.000E+0	0.000E+0	0.000E+0	0.000E+0	0.000E+0	0.000E+0	0.000E+0	0.000E+0	9.000E+0	6.000E+0	1.000E+1	1.400E+1	1.100E+1	1.100E+1	1.700E+1	1.600E+1	1.600E+1	7.000E+0	9.000E+0	1.900E+1	1.300E+1	1.100E+1	1.200E+1	7.000E+0	1.500E+1	1.500E+1	1.500E+1	1.400E+1	1.100E+1	1.500E+1	1.400E+1	1.200E+1	1.400E+1	1.000E+1	1.200E+1	1.700E+1	5.000E+0	9.000E+0	1.500E+1	2.200E+1	1.200E+1	1.300E+1	1.000E+1	2.700E+1	1.100E+1	2.800E+1	2.300E+1	2.800E+1	1.800E+1	3.200E+1	3.100E+1	2.200E+1	4.000E+1	2.800E+1	2.300E+1	1.800E+1	2.500E+1	3.700E+1	3.000E+1	3.500E+1	3.500E+1	2.900E+1	2.100E+1	2.100E+1	2.400E+1	3.400E+1	3.000E+1	4.100E+1	5.400E+1	3.900E+1	2.000E+1	1.700E+1	1.500E+1	6.000E+0	9.000E+0	4.000E+0	8.000E+0	1.100E+1	8.000E+0	7.000E+0	4.000E+0	8.000E+0	4.000E+0	9.000E+0	9.000E+0	8.000E+0	8.000E+0	4.000E+0	4.000E+0	6.000E+0	6.000E+0	5.000E+0	2.000E+0	0.000E+0	3.000E+0	3.000E+0	0.000E+0	0.000E+0	3.000E+0	1.000E+0	0.000E+0	0.000E+0	0.000E+0	0.000E+0	0.000E+0	0.000E+0	0.000E+0	0.000E+0	0.000E+0	0.000E+0	0.000E+0	0.000E+0	0.000E+0	1.000E+0	1.000E+0	1.000E+0	0.000E+0	0.000E+0	1.000E+0	1.200E+1	3.000E+1	1.010E+2	4.250E+2	1.813E+3	6.405E+3	1.541E+4	2.531E+4	3.203E+4	3.228E+4	2.549E+4	1.516E+4	7.049E+3	2.639E+3	7.120E+2	1.470E+2	2.400E+1	6.000E+0	2.000E+0	0.000E+0	0.000E+0	0.000E+0	0.000E+0	0.000E+0	0.000E+0	0.000E+0	1.000E+0	0.000E+0	0.000E+0	0.000E+0	0.000E+0	0.000E+0	1.000E+0	0.000E+0	0.000E+0	0.000E+0	0.000E+0	0.000E+0	0.000E+0	0.000E+0	0.000E+0	1.000E+0	0.000E+0	0.000E+0	0.000E+0	0.000E+0	0.000E+0	0.000E+0	0.000E+0
0.000E+0	0.000E+0	0.000E+0	1.000E+0	0.000E+0	0.000E+0	0.000E+0	0.000E+0	0.000E+0	0.000E+0	0.000E+0	0.000E+0	0.000E+0	0.000E+0	0.000E+0	0.000E+0	0.000E+0	1.000E+0	0.000E+0	0.000E+0	1.000E+0	1.000E+0	0.000E+0	0.000E+0	1.000E+0	0.000E+0	2.000E+0	0.000E+0	0.000E+0	0.000E+0	0.000E+0	0.000E+0	1.000E+0	0.000E+0	0.000E+0	0.000E+0	0.000E+0	0.000E+0	0.000E+0	0.000E+0	4.000E+0	1.500E+1	1.300E+1	7.000E+0	1.000E+1	1.300E+1	6.000E+0	8.000E+0	9.000E+0	1.600E+1	1.300E+1	7.000E+0	1.800E+1	1.300E+1	1.200E+1	1.000E+1	5.000E+0	1.700E+1	1.300E+1	1.300E+1	9.000E+0	1.400E+1	9.000E+0	9.000E+0	1.300E+1	1.500E+1	1.200E+1	1.300E+1	1.500E+1	2.100E+1	1.900E+1	1.400E+1	1.500E+1	1.300E+1	2.100E+1	1.800E+1	2.500E+1	1.400E+1	2.400E+1	1.700E+1	2.700E+1	2.800E+1	2.700E+1	2.100E+1	3.100E+1	2.500E+1	2.400E+1	3.600E+1	2.200E+1	3.000E+1	3.600E+1	2.500E+1	3.200E+1	3.700E+1	2.000E+1	2.200E+1	2.500E+1	2.300E+1	3.200E+1	4.000E+1	4.900E+1	3.500E+1	1.900E+1	2.000E+1	1.900E+1	1.000E+1	8.000E+0	7.000E+0	6.000E+0	6.000E+0	4.000E+0	4.000E+0	9.000E+0	3.000E+0	3.000E+0	3.000E+0	3.000E+0	9.000E+0	4.000E+0	6.000E+0	6.000E+0	4.000E+0	7.000E+0	7.000E+0	2.000E+0	0.000E+0	0.000E+0	1.000E+0	4.000E+0	1.000E+0	2.000E+0	0.000E+0	1.000E+0	0.000E+0	1.000E+0	0.000E+0	0.000E+0	0.000E+0	0.000E+0	0.000E+0	0.000E+0	1.000E+0	0.000E+0	0.000E+0	0.000E+0	0.000E+0	0.000E+0	0.000E+0	0.000E+0	0.000E+0	0.000E+0	8.000E+0	3.100E+1	1.000E+2	5.360E+2	2.190E+3	7.304E+3	1.602E+4	2.604E+4	3.312E+4	3.291E+4	2.645E+4	1.674E+4	7.799E+3	2.543E+3	6.890E+2	1.660E+2	3.800E+1	7.000E+0	4.000E+0	2.000E+0	0.000E+0	0.000E+0	0.000E+0	0.000E+0	0.000E+0	0.000E+0	0.000E+0	0.000E+0	0.000E+0	0.000E+0	0.000E+0	0.000E+0	1.000E+0	1.000E+0	0.000E+0	0.000E+0	0.000E+0	0.000E+0	0.000E+0	0.000E+0	0.000E+0	0.000E+0	0.000E+0	0.000E+0	0.000E+0	0.000E+0	0.000E+0	0.000E+0	0.000E+0
0.000E+0	1.000E+0	0.000E+0	0.000E+0	0.000E+0	0.000E+0	0.000E+0	0.000E+0	0.000E+0	0.000E+0	0.000E+0	0.000E+0	0.000E+0	0.000E+0	0.000E+0	0.000E+0	1.000E+0	1.000E+0	1.000E+0	0.000E+0	0.000E+0	0.000E+0	0.000E+0	0.000E+0	0.000E+0	0.000E+0	0.000E+0	0.000E+0	0.000E+0	0.000E+0	0.000E+0	0.000E+0	0.000E+0	0.000E+0	0.000E+0	0.000E+0	0.000E+0	0.000E+0	0.000E+0	0.000E+0	2.000E+0	5.000E+0	1.200E+1	1.600E+1	8.000E+0	1.500E+1	8.000E+0	1.600E+1	1.400E+1	1.200E+1	1.100E+1	1.100E+1	1.600E+1	9.000E+0	8.000E+0	7.000E+0	1.000E+1	1.000E+1	9.000E+0	1.100E+1	1.200E+1	1.200E+1	1.200E+1	1.600E+1	1.400E+1	2.000E+1	1.700E+1	1.600E+1	1.800E+1	1.300E+1	2.100E+1	1.900E+1	1.200E+1	1.800E+1	1.400E+1	1.500E+1	1.800E+1	2.300E+1	1.400E+1	3.100E+1	1.900E+1	2.200E+1	1.600E+1	1.600E+1	2.600E+1	2.600E+1	2.300E+1	3.900E+1	2.600E+1	3.500E+1	3.600E+1	3.600E+1	3.600E+1	2.700E+1	2.600E+1	2.300E+1	2.500E+1	2.000E+1	3.600E+1	4.700E+1	3.100E+1	3.100E+1	2.600E+1	1.600E+1	7.000E+0	1.100E+1	1.400E+1	1.000E+1	9.000E+0	5.000E+0	8.000E+0	7.000E+0	5.000E+0	4.000E+0	9.000E+0	6.000E+0	8.000E+0	9.000E+0	7.000E+0	5.000E+0	8.000E+0	9.000E+0	8.000E+0	2.000E+0	0.000E+0	3.000E+0	0.000E+0	4.000E+0	0.000E+0	0.000E+0	2.000E+0	1.000E+0	0.000E+0	0.000E+0	0.000E+0	0.000E+0	1.000E+0	1.000E+0	0.000E+0	0.000E+0	0.000E+0	0.000E+0	1.000E+0	0.000E+0	1.000E+0	0.000E+0	0.000E+0	1.000E+0	0.000E+0	1.000E+0	3.000E+0	6.000E+0	2.200E+1	9.900E+1	4.520E+2	2.077E+3	6.773E+3	1.575E+4	2.664E+4	3.343E+4	3.271E+4	2.641E+4	1.672E+4	7.802E+3	2.729E+3	7.150E+2	1.670E+2	4.800E+1	1.000E+1	5.000E+0	2.000E+0	0.000E+0	0.000E+0	0.000E+0	0.000E+0	0.000E+0	0.000E+0	1.000E+0	0.000E+0	0.000E+0	0.000E+0	0.000E+0	1.000E+0	0.000E+0	0.000E+0	0.000E+0	0.000E+0	1.000E+0	0.000E+0	0.000E+0	0.000E+0	0.000E+0	0.000E+0	1.000E+0	1.000E+0	0.000E+0	0.000E+0	0.000E+0	0.000E+0	1.000E+0
0.000E+0	0.000E+0	0.000E+0	0.000E+0	0.000E+0	0.000E+0	0.000E+0	0.000E+0	0.000E+0	0.000E+0	1.000E+0	0.000E+0	2.000E+0	0.000E+0	1.000E+0	0.000E+0	0.000E+0	0.000E+0	0.000E+0	0.000E+0	1.000E+0	0.000E+0	0.000E+0	0.000E+0	0.000E+0	1.000E+0	0.000E+0	0.000E+0	0.000E+0	1.000E+0	0.000E+0	0.000E+0	0.000E+0	0.000E+0	0.000E+0	0.000E+0	0.000E+0	0.000E+0	1.000E+0	1.000E+0	2.000E+0	5.000E+0	8.000E+0	1.000E+1	8.000E+0	5.000E+0	1.000E+1	1.200E+1	1.500E+1	1.600E+1	1.200E+1	1.400E+1	1.400E+1	1.100E+1	1.500E+1	9.000E+0	8.000E+0	1.600E+1	1.500E+1	1.400E+1	1.300E+1	1.200E+1	1.200E+1	1.300E+1	7.000E+0	1.400E+1	1.600E+1	1.200E+1	1.600E+1	1.800E+1	1.800E+1	1.800E+1	1.500E+1	2.300E+1	1.100E+1	1.900E+1	1.900E+1	2.400E+1	3.200E+1	2.300E+1	2.300E+1	2.200E+1	2.300E+1	1.900E+1	2.600E+1	2.600E+1	2.600E+1	2.600E+1	2.100E+1	3.200E+1	3.100E+1	2.900E+1	3.500E+1	4.000E+1	2.200E+1	2.700E+1	2.100E+1	3.200E+1	3.300E+1	3.800E+1	3.700E+1	4.500E+1	2.300E+1	2.600E+1	2.400E+1	1.600E+1	8.000E+0	1.200E+1	1.400E+1	1.300E+1	6.000E+0	8.000E+0	6.000E+0	7.000E+0	5.000E+0	1.200E+1	2.000E+0	7.000E+0	5.000E+0	4.000E+0	6.000E+0	7.000E+0	5.000E+0	4.000E+0	0.000E+0	2.000E+0	2.000E+0	4.000E+0	1.000E+0	3.000E+0	1.000E+0	0.000E+0	0.000E+0	0.000E+0	0.000E+0	0.000E+0	1.000E+0	0.000E+0	0.000E+0	1.000E+0	0.000E+0	0.000E+0	0.000E+0	0.000E+0	0.000E+0	0.000E+0	0.000E+0	1.000E+0	0.000E+0	0.000E+0	3.000E+0	5.000E+0	2.400E+1	1.170E+2	4.710E+2	2.102E+3	6.889E+3	1.614E+4	2.705E+4	3.376E+4	3.388E+4	2.722E+4	1.663E+4	7.510E+3	2.503E+3	6.680E+2	1.730E+2	3.300E+1	7.000E+0	2.000E+0	0.000E+0	0.000E+0	0.000E+0	0.000E+0	0.000E+0	0.000E+0	0.000E+0	1.000E+0	2.000E+0	0.000E+0	0.000E+0	0.000E+0	0.000E+0	0.000E+0	0.000E+0	1.000E+0	0.000E+0	0.000E+0	0.000E+0	1.000E+0	0.000E+0	0.000E+0	0.000E+0	0.000E+0	0.000E+0	0.000E+0	0.000E+0	0.000E+0	0.000E+0	0.000E+0
0.000E+0	1.000E+0	0.000E+0	0.000E+0	0.000E+0	0.000E+0	0.000E+0	0.000E+0	0.000E+0	0.000E+0	0.000E+0	0.000E+0	2.000E+0	0.000E+0	0.000E+0	0.000E+0	0.000E+0	0.000E+0	0.000E+0	1.000E+0	1.000E+0	0.000E+0	0.000E+0	0.000E+0	0.000E+0	0.000E+0	0.000E+0	0.000E+0	0.000E+0	1.000E+0	0.000E+0	0.000E+0	0.000E+0	1.000E+0	0.000E+0	0.000E+0	1.000E+0	0.000E+0	0.000E+0	1.000E+0	2.000E+0	1.000E+1	4.000E+0	7.000E+0	9.000E+0	6.000E+0	1.100E+1	1.200E+1	5.000E+0	1.700E+1	1.600E+1	1.400E+1	1.200E+1	1.300E+1	1.500E+1	1.500E+1	1.300E+1	1.300E+1	2.100E+1	1.200E+1	9.000E+0	1.600E+1	1.700E+1	1.600E+1	1.000E+1	2.100E+1	1.800E+1	2.400E+1	1.400E+1	1.200E+1	1.200E+1	2.700E+1	1.700E+1	1.100E+1	2.400E+1	2.600E+1	1.400E+1	2.400E+1	2.400E+1	2.100E+1	1.700E+1	2.200E+1	2.000E+1	2.600E+1	1.600E+1	2.200E+1	2.100E+1	3.000E+1	3.500E+1	3.700E+1	3.300E+1	4.000E+1	3.200E+1	2.400E+1	2.600E+1	3.200E+1	2.300E+1	3.300E+1	2.900E+1	3.700E+1	4.100E+1	3.000E+1	3.100E+1	2.300E+1	2.100E+1	2.100E+1	1.900E+1	1.600E+1	1.400E+1	8.000E+0	7.000E+0	1.200E+1	8.000E+0	8.000E+0	7.000E+0	7.000E+0	6.000E+0	6.000E+0	5.000E+0	5.000E+0	5.000E+0	7.000E+0	5.000E+0	3.000E+0	3.000E+0	1.000E+0	0.000E+0	3.000E+0	3.000E+0	2.000E+0	4.000E+0	0.000E+0	1.000E+0	0.000E+0	0.000E+0	0.000E+0	0.000E+0	0.000E+0	0.000E+0	0.000E+0	0.000E+0	0.000E+0	0.000E+0	0.000E+0	0.000E+0	1.000E+0	0.000E+0	0.000E+0	0.000E+0	0.000E+0	1.000E+0	5.000E+0	2.400E+1	9.400E+1	4.510E+2	1.905E+3	6.632E+3	1.608E+4	2.689E+4	3.403E+4	3.323E+4	2.665E+4	1.632E+4	7.424E+3	2.616E+3	7.240E+2	1.620E+2	3.500E+1	7.000E+0	3.000E+0	0.000E+0	0.000E+0	2.000E+0	1.000E+0	0.000E+0	0.000E+0	0.000E+0	0.000E+0	0.000E+0	0.000E+0	0.000E+0	0.000E+0	0.000E+0	1.000E+0	0.000E+0	0.000E+0	0.000E+0	0.000E+0	0.000E+0	0.000E+0	0.000E+0	0.000E+0	0.000E+0	0.000E+0	0.000E+0	0.000E+0	0.000E+0	0.000E+0	0.000E+0	0.000E+0
0.000E+0	0.000E+0	0.000E+0	0.000E+0	0.000E+0	0.000E+0	0.000E+0	0.000E+0	0.000E+0	0.000E+0	0.000E+0	0.000E+0	1.000E+0	0.000E+0	1.000E+0	0.000E+0	0.000E+0	1.000E+0	0.000E+0	0.000E+0	0.000E+0	0.000E+0	0.000E+0	1.000E+0	0.000E+0	0.000E+0	0.000E+0	0.000E+0	0.000E+0	0.000E+0	0.000E+0	0.000E+0	0.000E+0	0.000E+0	0.000E+0	0.000E+0	1.000E+0	0.000E+0	0.000E+0	2.000E+0	2.000E+0	6.000E+0	6.000E+0	1.200E+1	1.300E+1	4.000E+0	1.300E+1	9.000E+0	1.100E+1	7.000E+0	1.300E+1	1.500E+1	1.400E+1	4.000E+0	5.000E+0	8.000E+0	8.000E+0	9.000E+0	1.700E+1	1.700E+1	1.100E+1	1.000E+1	1.100E+1	1.800E+1	1.800E+1	8.000E+0	7.000E+0	5.000E+0	9.000E+0	1.700E+1	1.600E+1	1.500E+1	1.200E+1	1.600E+1	1.600E+1	1.700E+1	1.000E+1	1.700E+1	2.200E+1	1.700E+1	2.200E+1	2.300E+1	1.800E+1	2.100E+1	2.800E+1	1.700E+1	2.500E+1	2.600E+1	2.400E+1	3.500E+1	2.100E+1	3.500E+1	2.900E+1	2.800E+1	3.700E+1	1.700E+1	2.800E+1	2.700E+1	3.000E+1	3.500E+1	4.000E+1	2.300E+1	2.200E+1	1.600E+1	1.700E+1	1.400E+1	2.000E+1	9.000E+0	9.000E+0	1.000E+1	7.000E+0	7.000E+0	1.000E+1	5.000E+0	4.000E+0	5.000E+0	6.000E+0	6.000E+0	7.000E+0	3.000E+0	6.000E+0	8.000E+0	6.000E+0	7.000E+0	2.000E+0	1.000E+0	0.000E+0	1.000E+0	2.000E+0	3.000E+0	0.000E+0	1.000E+0	0.000E+0	1.000E+0	0.000E+0	0.000E+0	0.000E+0	0.000E+0	0.000E+0	0.000E+0	0.000E+0	0.000E+0	0.000E+0	0.000E+0	1.000E+0	1.000E+0	0.000E+0	0.000E+0	1.000E+0	1.000E+0	3.000E+0	1.100E+1	2.400E+1	9.700E+1	5.630E+2	2.134E+3	6.577E+3	1.537E+4	2.562E+4	3.171E+4	3.247E+4	2.596E+4	1.532E+4	7.187E+3	2.617E+3	7.680E+2	1.610E+2	4.200E+1	7.000E+0	4.000E+0	1.000E+0	1.000E+0	0.000E+0	0.000E+0	0.000E+0	0.000E+0	0.000E+0	0.000E+0	0.000E+0	0.000E+0	0.000E+0	1.000E+0	1.000E+0	0.000E+0	0.000E+0	0.000E+0	0.000E+0	0.000E+0	0.000E+0	0.000E+0	0.000E+0	0.000E+0	0.000E+0	0.000E+0	0.000E+0	0.000E+0	0.000E+0	0.000E+0	0.000E+0	0.000E+0
0.000E+0	0.000E+0	0.000E+0	0.000E+0	0.000E+0	0.000E+0	0.000E+0	0.000E+0	0.000E+0	0.000E+0	0.000E+0	0.000E+0	0.000E+0	0.000E+0	0.000E+0	0.000E+0	0.000E+0	0.000E+0	0.000E+0	1.000E+0	0.000E+0	1.000E+0	1.000E+0	0.000E+0	0.000E+0	0.000E+0	0.000E+0	0.000E+0	3.000E+0	0.000E+0	1.000E+0	0.000E+0	0.000E+0	0.000E+0	0.000E+0	0.000E+0	0.000E+0	0.000E+0	0.000E+0	1.000E+0	4.000E+0	9.000E+0	9.000E+0	6.000E+0	5.000E+0	4.000E+0	1.100E+1	1.000E+1	1.600E+1	1.400E+1	1.700E+1	1.200E+1	1.100E+1	1.100E+1	1.100E+1	1.000E+1	6.000E+0	1.100E+1	5.000E+0	1.500E+1	1.000E+1	1.500E+1	1.800E+1	1.200E+1	1.100E+1	1.500E+1	1.800E+1	1.000E+1	1.300E+1	1.300E+1	1.700E+1	1.200E+1	1.400E+1	1.300E+1	1.300E+1	1.700E+1	1.800E+1	1.400E+1	1.700E+1	1.400E+1	2.100E+1	1.900E+1	2.200E+1	2.200E+1	1.500E+1	1.500E+1	1.300E+1	2.800E+1	2.600E+1	2.300E+1	3.000E+1	3.700E+1	3.600E+1	2.800E+1	2.500E+1	2.900E+1	2.400E+1	2.400E+1	2.000E+1	3.300E+1	3.300E+1	4.100E+1	2.400E+1	1.400E+1	1.500E+1	1.400E+1	1.500E+1	1.400E+1	1.900E+1	1.300E+1	9.000E+0	1.100E+1	9.000E+0	6.000E+0	3.000E+0	3.000E+0	4.000E+0	7.000E+0	3.000E+0	6.000E+0	1.000E+1	1.000E+1	7.000E+0	3.000E+0	3.000E+0	0.000E+0	1.000E+0	0.000E+0	1.000E+0	2.000E+0	3.000E+0	1.000E+0	0.000E+0	0.000E+0	0.000E+0	0.000E+0	0.000E+0	0.000E+0	0.000E+0	0.000E+0	1.000E+0	0.000E+0	0.000E+0	0.000E+0	0.000E+0	0.000E+0	0.000E+0	0.000E+0	0.000E+0	0.000E+0	0.000E+0	9.000E+0	1.900E+1	1.000E+2	4.040E+2	1.889E+3	6.144E+3	1.474E+4	2.507E+4	3.115E+4	3.008E+4	2.406E+4	1.543E+4	7.502E+3	2.998E+3	1.024E+3	2.690E+2	6.600E+1	1.900E+1	3.000E+0	2.000E+0	1.000E+0	0.000E+0	0.000E+0	0.000E+0	0.000E+0	0.000E+0	0.000E+0	0.000E+0	0.000E+0	1.000E+0	0.000E+0	0.000E+0	0.000E+0	0.000E+0	0.000E+0	0.000E+0	0.000E+0	1.000E+0	0.000E+0	0.000E+0	0.000E+0	0.000E+0	1.000E+0	1.000E+0	1.000E+0	0.000E+0	0.000E+0	0.000E+0	1.000E+0
0.000E+0	1.000E+0	0.000E+0	0.000E+0	0.000E+0	0.000E+0	0.000E+0	0.000E+0	0.000E+0	0.000E+0	0.000E+0	0.000E+0	0.000E+0	0.000E+0	0.000E+0	0.000E+0	0.000E+0	1.000E+0	0.000E+0	0.000E+0	0.000E+0	0.000E+0	0.000E+0	0.000E+0	0.000E+0	0.000E+0	0.000E+0	0.000E+0	1.000E+0	0.000E+0	1.000E+0	0.000E+0	0.000E+0	0.000E+0	0.000E+0	0.000E+0	0.000E+0	0.000E+0	0.000E+0	0.000E+0	4.000E+0	1.000E+1	1.200E+1	8.000E+0	8.000E+0	1.300E+1	1.000E+1	1.000E+1	1.300E+1	1.600E+1	9.000E+0	1.400E+1	1.400E+1	1.200E+1	1.500E+1	6.000E+0	9.000E+0	1.200E+1	1.600E+1	1.600E+1	1.300E+1	9.000E+0	1.400E+1	1.000E+1	2.200E+1	1.500E+1	7.000E+0	1.600E+1	1.300E+1	2.400E+1	1.900E+1	1.800E+1	1.500E+1	1.600E+1	1.600E+1	2.100E+1	1.500E+1	1.500E+1	1.900E+1	1.800E+1	1.900E+1	1.900E+1	2.500E+1	1.800E+1	2.200E+1	1.600E+1	2.500E+1	2.600E+1	2.500E+1	3.400E+1	2.600E+1	4.000E+1	2.500E+1	3.700E+1	3.000E+1	2.200E+1	2.700E+1	3.300E+1	3.100E+1	5.400E+1	4.400E+1	3.900E+1	2.400E+1	2.200E+1	2.400E+1	1.500E+1	1.800E+1	1.700E+1	1.100E+1	1.700E+1	1.700E+1	1.100E+1	5.000E+0	1.000E+1	8.000E+0	7.000E+0	6.000E+0	5.000E+0	8.000E+0	4.000E+0	1.000E+1	1.000E+1	9.000E+0	3.000E+0	1.000E+0	2.000E+0	0.000E+0	1.000E+0	2.000E+0	0.000E+0	1.000E+0	0.000E+0	0.000E+0	1.000E+0	0.000E+0	1.000E+0	0.000E+0	1.000E+0	1.000E+0	0.000E+0	0.000E+0	0.000E+0	0.000E+0	0.000E+0	0.000E+0	0.000E+0	0.000E+0	0.000E+0	0.000E+0	0.000E+0	2.000E+0	6.000E+0	2.300E+1	7.600E+1	4.190E+2	1.938E+3	6.481E+3	1.535E+4	2.605E+4	3.270E+4	3.191E+4	2.573E+4	1.603E+4	7.531E+3	2.622E+3	7.050E+2	1.860E+2	5.300E+1	5.000E+0	2.000E+0	0.000E+0	1.000E+0	0.000E+0	0.000E+0	0.000E+0	0.000E+0	1.000E+0	1.000E+0	0.000E+0	0.000E+0	0.000E+0	0.000E+0	0.000E+0	0.000E+0	0.000E+0	0.000E+0	0.000E+0	1.000E+0	0.000E+0	0.000E+0	1.000E+0	0.000E+0	0.000E+0	0.000E+0	0.000E+0	0.000E+0	1.000E+0	0.000E+0	0.000E+0	0.000E+0
0.000E+0	0.000E+0	0.000E+0	0.000E+0	0.000E+0	0.000E+0	1.000E+0	0.000E+0	0.000E+0	0.000E+0	0.000E+0	0.000E+0	0.000E+0	0.000E+0	1.000E+0	0.000E+0	0.000E+0	0.000E+0	2.000E+0	0.000E+0	0.000E+0	0.000E+0	1.000E+0	0.000E+0	0.000E+0	0.000E+0	0.000E+0	0.000E+0	0.000E+0	1.000E+0	0.000E+0	0.000E+0	0.000E+0	0.000E+0	1.000E+0	1.000E+0	0.000E+0	0.000E+0	0.000E+0	1.000E+0	1.200E+1	5.000E+0	7.000E+0	5.000E+0	6.000E+0	1.200E+1	9.000E+0	9.000E+0	9.000E+0	7.000E+0	1.200E+1	1.600E+1	1.000E+1	9.000E+0	8.000E+0	6.000E+0	9.000E+0	1.300E+1	2.000E+0	1.100E+1	1.000E+1	1.500E+1	1.500E+1	1.100E+1	1.500E+1	1.400E+1	1.800E+1	1.600E+1	2.000E+1	1.200E+1	1.900E+1	2.500E+1	2.300E+1	1.300E+1	1.900E+1	1.700E+1	2.400E+1	2.100E+1	1.600E+1	1.600E+1	2.400E+1	2.000E+1	1.300E+1	2.500E+1	1.800E+1	2.700E+1	2.000E+1	3.000E+1	2.300E+1	3.500E+1	3.800E+1	2.900E+1	2.800E+1	3.300E+1	3.300E+1	2.000E+1	3.400E+1	4.000E+1	3.900E+1	5.700E+1	6.000E+1	3.900E+1	2.800E+1	2.500E+1	2.000E+1	1.500E+1	1.900E+1	2.700E+1	2.000E+1	1.400E+1	1.400E+1	1.200E+1	5.000E+0	7.000E+0	1.000E+1	4.000E+0	5.000E+0	6.000E+0	8.000E+0	5.000E+0	1.200E+1	8.000E+0	1.100E+1	7.000E+0	2.000E+0	2.000E+0	2.000E+0	2.000E+0	2.000E+0	3.000E+0	1.000E+0	0.000E+0	0.000E+0	0.000E+0	0.000E+0	0.000E+0	0.000E+0	0.000E+0	1.000E+0	0.000E+0	1.000E+0	0.000E+0	3.000E+0	1.000E+0	0.000E+0	0.000E+0	0.000E+0	0.000E+0	0.000E+0	1.000E+0	4.000E+0	7.000E+0	3.000E+1	1.050E+2	4.870E+2	2.076E+3	6.797E+3	1.602E+4	2.666E+4	3.454E+4	3.416E+4	2.726E+4	1.645E+4	7.218E+3	2.470E+3	6.970E+2	1.480E+2	3.100E+1	1.700E+1	2.000E+0	0.000E+0	1.000E+0	0.000E+0	2.000E+0	0.000E+0	1.000E+0	0.000E+0	0.000E+0	0.000E+0	1.000E+0	0.000E+0	0.000E+0	0.000E+0	0.000E+0	0.000E+0	0.000E+0	1.000E+0	0.000E+0	0.000E+0	0.000E+0	0.000E+0	1.000E+0	0.000E+0	1.000E+0	0.000E+0	0.000E+0	0.000E+0	0.000E+0	0.000E+0	0.000E+0
0.000E+0	2.000E+0	0.000E+0	2.000E+0	1.000E+0	0.000E+0	1.000E+0	1.000E+0	0.000E+0	0.000E+0	0.000E+0	0.000E+0	0.000E+0	0.000E+0	0.000E+0	1.000E+0	0.000E+0	0.000E+0	0.000E+0	0.000E+0	0.000E+0	0.000E+0	2.000E+0	0.000E+0	0.000E+0	0.000E+0	0.000E+0	0.000E+0	0.000E+0	0.000E+0	0.000E+0	0.000E+0	0.000E+0	0.000E+0	0.000E+0	0.000E+0	0.000E+0	0.000E+0	0.000E+0	0.000E+0	3.000E+0	6.000E+0	1.600E+1	9.000E+0	1.100E+1	1.500E+1	8.000E+0	1.400E+1	1.200E+1	1.100E+1	1.400E+1	1.000E+1	7.000E+0	1.700E+1	1.300E+1	1.200E+1	1.400E+1	6.000E+0	1.000E+1	1.000E+1	1.500E+1	1.900E+1	7.000E+0	1.500E+1	1.900E+1	1.500E+1	9.000E+0	7.000E+0	1.500E+1	1.200E+1	1.300E+1	9.000E+0	9.000E+0	1.000E+1	1.500E+1	1.400E+1	1.100E+1	2.700E+1	2.000E+1	1.500E+1	2.800E+1	1.600E+1	1.600E+1	1.600E+1	2.700E+1	2.400E+1	2.800E+1	2.200E+1	1.700E+1	3.000E+1	3.000E+1	2.800E+1	2.800E+1	3.400E+1	3.700E+1	2.700E+1	2.200E+1	3.100E+1	4.000E+1	5.500E+1	6.300E+1	4.700E+1	2.200E+1	1.800E+1	2.500E+1	1.800E+1	1.700E+1	1.600E+1	1.300E+1	2.000E+1	1.300E+1	1.700E+1	8.000E+0	9.000E+0	1.200E+1	1.200E+1	8.000E+0	7.000E+0	4.000E+0	3.000E+0	6.000E+0	6.000E+0	1.300E+1	4.000E+0	1.000E+0	0.000E+0	4.000E+0	0.000E+0	2.000E+0	6.000E+0	2.000E+0	0.000E+0	0.000E+0	0.000E+0	1.000E+0	0.000E+0	0.000E+0	1.000E+0	0.000E+0	1.000E+0	0.000E+0	0.000E+0	0.000E+0	0.000E+0	2.000E+0	2.000E+0	1.000E+0	0.000E+0	1.000E+0	0.000E+0	4.000E+0	6.000E+0	2.600E+1	1.080E+2	4.820E+2	2.007E+3	6.719E+3	1.622E+4	2.688E+4	3.455E+4	3.413E+4	2.656E+4	1.645E+4	7.318E+3	2.326E+3	6.170E+2	1.410E+2	2.800E+1	1.000E+1	3.000E+0	2.000E+0	1.000E+0	0.000E+0	0.000E+0	0.000E+0	0.000E+0	0.000E+0	0.000E+0	0.000E+0	1.000E+0	1.000E+0	0.000E+0	0.000E+0	0.000E+0	1.000E+0	0.000E+0	0.000E+0	0.000E+0	0.000E+0	0.000E+0	1.000E+0	0.000E+0	0.000E+0	0.000E+0	0.000E+0	0.000E+0	1.000E+0	0.000E+0	0.000E+0	1.000E+0
1.000E+0	0.000E+0	0.000E+0	0.000E+0	1.000E+0	1.000E+0	0.000E+0	1.000E+0	0.000E+0	0.000E+0	0.000E+0	0.000E+0	0.000E+0	0.000E+0	0.000E+0	0.000E+0	0.000E+0	0.000E+0	0.000E+0	0.000E+0	0.000E+0	0.000E+0	0.000E+0	0.000E+0	0.000E+0	1.000E+0	0.000E+0	0.000E+0	0.000E+0	0.000E+0	0.000E+0	0.000E+0	0.000E+0	0.000E+0	0.000E+0	0.000E+0	0.000E+0	0.000E+0	0.000E+0	0.000E+0	0.000E+0	5.000E+0	1.100E+1	7.000E+0	4.000E+0	1.100E+1	1.200E+1	6.000E+0	7.000E+0	1.500E+1	6.000E+0	1.600E+1	7.000E+0	1.300E+1	1.500E+1	1.500E+1	8.000E+0	1.400E+1	1.200E+1	1.800E+1	1.400E+1	1.600E+1	8.000E+0	1.100E+1	6.000E+0	1.200E+1	1.100E+1	1.200E+1	1.400E+1	9.000E+0	9.000E+0	1.700E+1	1.300E+1	1.700E+1	1.700E+1	1.800E+1	1.400E+1	1.900E+1	2.600E+1	9.000E+0	1.300E+1	2.300E+1	2.300E+1	2.400E+1	2.400E+1	3.100E+1	2.700E+1	2.500E+1	3.000E+1	2.500E+1	2.800E+1	3.300E+1	3.200E+1	3.100E+1	2.800E+1	3.700E+1	2.600E+1	3.200E+1	4.100E+1	5.600E+1	5.500E+1	5.000E+1	3.100E+1	1.900E+1	2.500E+1	2.100E+1	2.200E+1	2.200E+1	2.500E+1	2.800E+1	1.900E+1	1.000E+1	1.600E+1	1.500E+1	9.000E+0	7.000E+0	1.000E+1	3.000E+0	3.000E+0	4.000E+0	1.200E+1	8.000E+0	5.000E+0	5.000E+0	2.000E+0	1.000E+0	4.000E+0	3.000E+0	3.000E+0	3.000E+0	0.000E+0	1.000E+0	0.000E+0	0.000E+0	0.000E+0	0.000E+0	0.000E+0	0.000E+0	1.000E+0	0.000E+0	0.000E+0	0.000E+0	0.000E+0	1.000E+0	0.000E+0	0.000E+0	0.000E+0	1.000E+0	1.000E+0	1.000E+0	3.000E+0	4.000E+0	2.500E+1	1.020E+2	5.370E+2	2.100E+3	6.677E+3	1.591E+4	2.662E+4	3.350E+4	3.334E+4	2.681E+4	1.606E+4	7.112E+3	2.412E+3	6.480E+2	1.820E+2	2.900E+1	1.600E+1	1.000E+0	1.000E+0	0.000E+0	1.000E+0	0.000E+0	0.000E+0	0.000E+0	1.000E+0	0.000E+0	1.000E+0	0.000E+0	0.000E+0	0.000E+0	0.000E+0	0.000E+0	0.000E+0	0.000E+0	0.000E+0	0.000E+0	0.000E+0	0.000E+0	0.000E+0	0.000E+0	0.000E+0	0.000E+0	0.000E+0	0.000E+0	0.000E+0	0.000E+0	1.000E+0	0.000E+0
0.000E+0	0.000E+0	0.000E+0	1.000E+0	0.000E+0	0.000E+0	1.000E+0	1.000E+0	0.000E+0	0.000E+0	0.000E+0	0.000E+0	0.000E+0	0.000E+0	0.000E+0	0.000E+0	0.000E+0	0.000E+0	1.000E+0	0.000E+0	0.000E+0	0.000E+0	0.000E+0	0.000E+0	1.000E+0	0.000E+0	0.000E+0	0.000E+0	0.000E+0	0.000E+0	0.000E+0	0.000E+0	0.000E+0	0.000E+0	0.000E+0	1.000E+0	0.000E+0	0.000E+0	0.000E+0	2.000E+0	3.000E+0	3.000E+0	1.400E+1	9.000E+0	7.000E+0	1.000E+1	9.000E+0	1.300E+1	6.000E+0	1.900E+1	1.300E+1	8.000E+0	9.000E+0	1.300E+1	9.000E+0	1.000E+1	1.500E+1	1.700E+1	1.300E+1	1.400E+1	7.000E+0	1.000E+1	1.100E+1	1.100E+1	9.000E+0	1.300E+1	1.200E+1	1.400E+1	1.000E+1	1.600E+1	1.600E+1	8.000E+0	1.800E+1	1.900E+1	2.300E+1	1.500E+1	1.300E+1	1.400E+1	2.100E+1	2.200E+1	2.200E+1	1.400E+1	1.400E+1	2.300E+1	2.500E+1	2.200E+1	1.800E+1	2.600E+1	1.900E+1	2.600E+1	2.800E+1	2.700E+1	2.600E+1	1.800E+1	3.000E+1	3.500E+1	4.200E+1	3.700E+1	4.400E+1	5.700E+1	5.700E+1	5.500E+1	4.200E+1	3.000E+1	2.500E+1	1.900E+1	1.400E+1	2.100E+1	1.900E+1	2.300E+1	1.600E+1	1.900E+1	1.300E+1	1.500E+1	1.000E+1	9.000E+0	4.000E+0	6.000E+0	1.000E+1	1.000E+1	7.000E+0	6.000E+0	5.000E+0	1.100E+1	1.000E+0	1.000E+0	4.000E+0	1.000E+0	0.000E+0	5.000E+0	4.000E+0	0.000E+0	0.000E+0	0.000E+0	0.000E+0	0.000E+0	0.000E+0	0.000E+0	0.000E+0	0.000E+0	0.000E+0	0.000E+0	0.000E+0	0.000E+0	0.000E+0	0.000E+0	0.000E+0	0.000E+0	1.000E+0	1.000E+0	0.000E+0	3.000E+0	2.300E+1	7.600E+1	4.050E+2	1.979E+3	6.434E+3	1.511E+4	2.564E+4	3.256E+4	3.180E+4	2.560E+4	1.602E+4	7.388E+3	2.489E+3	7.430E+2	2.290E+2	4.000E+1	6.000E+0	3.000E+0	0.000E+0	1.000E+0	0.000E+0	1.000E+0	0.000E+0	0.000E+0	0.000E+0	0.000E+0	0.000E+0	0.000E+0	1.000E+0	0.000E+0	0.000E+0	0.000E+0	0.000E+0	0.000E+0	1.000E+0	0.000E+0	0.000E+0	0.000E+0	0.000E+0	0.000E+0	0.000E+0	0.000E+0	0.000E+0	0.000E+0	0.000E+0	0.000E+0	0.000E+0	0.000E+0
0.000E+0	0.000E+0	0.000E+0	0.000E+0	0.000E+0	0.000E+0	1.000E+0	1.000E+0	1.000E+0	1.000E+0	0.000E+0	1.000E+0	0.000E+0	0.000E+0	0.000E+0	0.000E+0	0.000E+0	0.000E+0	0.000E+0	0.000E+0	0.000E+0	0.000E+0	0.000E+0	0.000E+0	0.000E+0	0.000E+0	0.000E+0	0.000E+0	1.000E+0	0.000E+0	0.000E+0	0.000E+0	0.000E+0	0.000E+0	0.000E+0	0.000E+0	0.000E+0	0.000E+0	0.000E+0	1.000E+0	2.000E+0	6.000E+0	9.000E+0	1.200E+1	9.000E+0	4.000E+0	9.000E+0	1.900E+1	6.000E+0	1.200E+1	1.200E+1	1.100E+1	7.000E+0	8.000E+0	9.000E+0	8.000E+0	1.000E+1	1.600E+1	1.200E+1	1.200E+1	7.000E+0	8.000E+0	1.300E+1	1.300E+1	1.400E+1	9.000E+0	1.100E+1	1.300E+1	1.200E+1	8.000E+0	1.500E+1	1.800E+1	1.600E+1	1.500E+1	2.800E+1	1.700E+1	1.800E+1	1.800E+1	1.500E+1	1.800E+1	1.700E+1	2.100E+1	1.700E+1	1.900E+1	1.800E+1	2.700E+1	1.500E+1	2.900E+1	2.100E+1	2.400E+1	3.000E+1	3.000E+1	2.000E+1	3.300E+1	1.800E+1	2.200E+1	2.400E+1	3.100E+1	5.600E+1	5.300E+1	5.800E+1	4.800E+1	4.500E+1	2.900E+1	2.100E+1	1.000E+1	1.300E+1	1.400E+1	2.500E+1	1.900E+1	1.900E+1	2.000E+1	2.200E+1	2.000E+1	8.000E+0	1.100E+1	1.100E+1	9.000E+0	3.000E+0	8.000E+0	5.000E+0	6.000E+0	4.000E+0	8.000E+0	2.000E+0	4.000E+0	2.000E+0	3.000E+0	0.000E+0	5.000E+0	2.000E+0	1.000E+0	0.000E+0	0.000E+0	0.000E+0	0.000E+0	0.000E+0	0.000E+0	0.000E+0	0.000E+0	0.000E+0	0.000E+0	0.000E+0	0.000E+0	0.000E+0	0.000E+0	0.000E+0	0.000E+0	0.000E+0	0.000E+0	2.000E+0	6.000E+0	1.900E+1	9.600E+1	4.490E+2	2.037E+3	6.649E+3	1.517E+4	2.596E+4	3.309E+4	3.251E+4	2.596E+4	1.606E+4	7.458E+3	2.621E+3	7.180E+2	1.510E+2	3.600E+1	1.300E+1	0.000E+0	1.000E+0	3.000E+0	0.000E+0	0.000E+0	0.000E+0	0.000E+0	0.000E+0	0.000E+0	0.000E+0	0.000E+0	0.000E+0	0.000E+0	0.000E+0	1.000E+0	0.000E+0	0.000E+0	0.000E+0	0.000E+0	0.000E+0	1.000E+0	1.000E+0	0.000E+0	0.000E+0	0.000E+0	0.000E+0	0.000E+0	0.000E+0	0.000E+0	0.000E+0	0.000E+0
1.000E+0	0.000E+0	0.000E+0	0.000E+0	0.000E+0	0.000E+0	0.000E+0	1.000E+0	1.000E+0	0.000E+0	0.000E+0	0.000E+0	1.000E+0	0.000E+0	0.000E+0	0.000E+0	0.000E+0	0.000E+0	0.000E+0	0.000E+0	0.000E+0	0.000E+0	0.000E+0	1.000E+0	0.000E+0	0.000E+0	0.000E+0	0.000E+0	1.000E+0	1.000E+0	0.000E+0	0.000E+0	0.000E+0	0.000E+0	0.000E+0	0.000E+0	0.000E+0	1.000E+0	0.000E+0	1.000E+0	1.000E+0	6.000E+0	1.400E+1	1.200E+1	1.200E+1	9.000E+0	1.100E+1	9.000E+0	1.400E+1	1.400E+1	1.200E+1	1.000E+1	1.400E+1	1.100E+1	8.000E+0	1.200E+1	9.000E+0	1.900E+1	4.000E+0	8.000E+0	1.600E+1	1.100E+1	1.500E+1	9.000E+0	9.000E+0	1.300E+1	1.300E+1	2.200E+1	1.400E+1	1.300E+1	9.000E+0	1.700E+1	1.100E+1	1.000E+1	1.800E+1	1.300E+1	2.200E+1	1.900E+1	2.400E+1	1.700E+1	1.300E+1	1.500E+1	1.400E+1	1.800E+1	2.000E+1	1.600E+1	2.700E+1	2.000E+1	2.900E+1	2.000E+1	2.700E+1	1.800E+1	2.600E+1	3.000E+1	2.600E+1	2.700E+1	1.800E+1	4.100E+1	3.900E+1	6.600E+1	6.100E+1	5.200E+1	4.100E+1	2.900E+1	1.900E+1	2.400E+1	1.400E+1	1.800E+1	1.100E+1	1.700E+1	1.400E+1	2.000E+1	1.900E+1	1.000E+1	8.000E+0	1.500E+1	1.100E+1	4.000E+0	9.000E+0	5.000E+0	8.000E+0	1.100E+1	9.000E+0	6.000E+0	1.000E+0	1.000E+0	0.000E+0	1.000E+0	3.000E+0	3.000E+0	3.000E+0	1.000E+0	0.000E+0	0.000E+0	0.000E+0	0.000E+0	0.000E+0	0.000E+0	0.000E+0	0.000E+0	0.000E+0	0.000E+0	0.000E+0	1.000E+0	1.000E+0	0.000E+0	1.000E+0	1.000E+0	0.000E+0	1.000E+0	2.000E+0	3.000E+0	2.600E+1	9.000E+1	4.090E+2	1.800E+3	6.284E+3	1.579E+4	2.683E+4	3.383E+4	3.353E+4	2.625E+4	1.610E+4	7.320E+3	2.560E+3	7.150E+2	1.990E+2	4.000E+1	1.000E+1	0.000E+0	1.000E+0	0.000E+0	0.000E+0	0.000E+0	0.000E+0	0.000E+0	0.000E+0	0.000E+0	0.000E+0	0.000E+0	0.000E+0	0.000E+0	0.000E+0	0.000E+0	0.000E+0	0.000E+0	0.000E+0	0.000E+0	0.000E+0	1.000E+0	0.000E+0	0.000E+0	1.000E+0	0.000E+0	1.000E+0	0.000E+0	0.000E+0	0.000E+0	0.000E+0	0.000E+0
0.000E+0	0.000E+0	0.000E+0	0.000E+0	0.000E+0	0.000E+0	0.000E+0	0.000E+0	0.000E+0	0.000E+0	0.000E+0	0.000E+0	0.000E+0	0.000E+0	0.000E+0	0.000E+0	0.000E+0	0.000E+0	0.000E+0	0.000E+0	0.000E+0	0.000E+0	0.000E+0	0.000E+0	0.000E+0	0.000E+0	0.000E+0	0.000E+0	0.000E+0	3.000E+0	1.000E+0	0.000E+0	0.000E+0	0.000E+0	0.000E+0	0.000E+0	0.000E+0	0.000E+0	0.000E+0	0.000E+0	3.000E+0	6.000E+0	5.000E+0	5.000E+0	1.500E+1	9.000E+0	7.000E+0	5.000E+0	8.000E+0	6.000E+0	1.600E+1	1.000E+1	9.000E+0	1.300E+1	1.000E+1	1.500E+1	1.200E+1	1.200E+1	1.400E+1	1.600E+1	1.100E+1	1.400E+1	1.300E+1	1.300E+1	1.800E+1	1.500E+1	1.300E+1	1.000E+1	1.000E+1	1.100E+1	1.100E+1	2.200E+1	1.700E+1	1.500E+1	2.400E+1	9.000E+0	1.900E+1	1.300E+1	2.400E+1	2.200E+1	2.000E+1	1.500E+1	1.800E+1	1.700E+1	2.200E+1	1.900E+1	2.100E+1	1.800E+1	2.500E+1	2.000E+1	2.300E+1	2.900E+1	2.100E+1	2.400E+1	3.100E+1	1.800E+1	2.700E+1	3.400E+1	4.700E+1	4.800E+1	7.300E+1	4.800E+1	3.600E+1	2.800E+1	2.200E+1	1.400E+1	2.000E+1	1.600E+1	2.200E+1	2.000E+1	2.300E+1	2.000E+1	1.600E+1	2.000E+1	2.100E+1	1.700E+1	1.000E+1	7.000E+0	9.000E+0	1.100E+1	4.000E+0	8.000E+0	4.000E+0	9.000E+0	1.000E+0	1.000E+0	8.000E+0	3.000E+0	1.000E+0	0.000E+0	0.000E+0	2.000E+0	0.000E+0	0.000E+0	0.000E+0	0.000E+0	0.000E+0	0.000E+0	0.000E+0	0.000E+0	0.000E+0	0.000E+0	1.000E+0	1.000E+0	0.000E+0	1.000E+0	0.000E+0	1.000E+0	0.000E+0	0.000E+0	5.000E+0	3.000E+0	2.100E+1	9.400E+1	4.380E+2	1.977E+3	6.339E+3	1.547E+4	2.623E+4	3.364E+4	3.313E+4	2.629E+4	1.605E+4	7.113E+3	2.419E+3	7.210E+2	1.850E+2	5.100E+1	7.000E+0	5.000E+0	0.000E+0	0.000E+0	0.000E+0	1.000E+0	0.000E+0	0.000E+0	0.000E+0	0.000E+0	0.000E+0	0.000E+0	0.000E+0	0.000E+0	1.000E+0	0.000E+0	0.000E+0	0.000E+0	0.000E+0	0.000E+0	0.000E+0	0.000E+0	0.000E+0	0.000E+0	0.000E+0	1.000E+0	0.000E+0	0.000E+0	0.000E+0	0.000E+0	1.000E+0	0.000E+0
0.000E+0	0.000E+0	0.000E+0	0.000E+0	0.000E+0	1.000E+0	1.000E+0	0.000E+0	0.000E+0	1.000E+0	0.000E+0	0.000E+0	1.000E+0	0.000E+0	0.000E+0	0.000E+0	0.000E+0	0.000E+0	0.000E+0	0.000E+0	0.000E+0	0.000E+0	0.000E+0	0.000E+0	0.000E+0	1.000E+0	0.000E+0	0.000E+0	0.000E+0	0.000E+0	0.000E+0	0.000E+0	0.000E+0	0.000E+0	0.000E+0	0.000E+0	0.000E+0	0.000E+0	0.000E+0	1.000E+0	4.000E+0	8.000E+0	4.000E+0	8.000E+0	8.000E+0	7.000E+0	4.000E+0	1.000E+1	1.000E+1	1.100E+1	1.600E+1	6.000E+0	9.000E+0	1.000E+1	8.000E+0	1.000E+1	1.000E+1	1.700E+1	1.000E+1	1.500E+1	1.200E+1	1.300E+1	1.500E+1	1.600E+1	1.200E+1	1.100E+1	1.400E+1	1.100E+1	1.400E+1	1.500E+1	1.200E+1	1.200E+1	1.200E+1	8.000E+0	1.100E+1	1.900E+1	1.000E+1	1.800E+1	1.900E+1	2.600E+1	1.200E+1	1.800E+1	1.600E+1	1.800E+1	1.900E+1	1.300E+1	2.600E+1	2.300E+1	2.700E+1	1.600E+1	2.400E+1	2.200E+1	2.800E+1	2.100E+1	2.000E+1	3.300E+1	1.900E+1	2.900E+1	4.600E+1	5.900E+1	6.200E+1	4.700E+1	4.100E+1	3.800E+1	2.400E+1	1.900E+1	1.800E+1	2.200E+1	1.000E+1	1.700E+1	1.400E+1	1.700E+1	1.900E+1	1.800E+1	1.400E+1	1.400E+1	1.400E+1	1.200E+1	1.600E+1	5.000E+0	5.000E+0	9.000E+0	1.100E+1	8.000E+0	6.000E+0	2.000E+0	5.000E+0	2.000E+0	0.000E+0	3.000E+0	3.000E+0	0.000E+0	0.000E+0	0.000E+0	0.000E+0	0.000E+0	0.000E+0	0.000E+0	0.000E+0	1.000E+0	0.000E+0	0.000E+0	1.000E+0	0.000E+0	0.000E+0	0.000E+0	0.000E+0	0.000E+0	0.000E+0	1.000E+0	2.000E+0	7.000E+0	2.800E+1	8.300E+1	4.920E+2	1.894E+3	6.547E+3	1.549E+4	2.626E+4	3.399E+4	3.347E+4	2.618E+4	1.623E+4	7.538E+3	2.557E+3	6.690E+2	1.700E+2	3.900E+1	9.000E+0	3.000E+0	2.000E+0	1.000E+0	0.000E+0	1.000E+0	0.000E+0	1.000E+0	0.000E+0	1.000E+0	0.000E+0	0.000E+0	1.000E+0	0.000E+0	0.000E+0	0.000E+0	0.000E+0	0.000E+0	1.000E+0	0.000E+0	0.000E+0	0.000E+0	0.000E+0	0.000E+0	0.000E+0	0.000E+0	0.000E+0	0.000E+0	0.000E+0	0.000E+0	0.000E+0	0.000E+0
0.000E+0	0.000E+0	1.000E+0	0.000E+0	0.000E+0	1.000E+0	0.000E+0	0.000E+0	1.000E+0	1.000E+0	0.000E+0	0.000E+0	0.000E+0	0.000E+0	0.000E+0	0.000E+0	0.000E+0	0.000E+0	0.000E+0	0.000E+0	1.000E+0	1.000E+0	0.000E+0	0.000E+0	0.000E+0	0.000E+0	0.000E+0	0.000E+0	0.000E+0	0.000E+0	1.000E+0	0.000E+0	0.000E+0	0.000E+0	0.000E+0	0.000E+0	0.000E+0	0.000E+0	0.000E+0	1.000E+0	0.000E+0	5.000E+0	1.000E+1	4.000E+0	9.000E+0	1.400E+1	7.000E+0	1.000E+1	7.000E+0	1.600E+1	1.100E+1	1.500E+1	9.000E+0	1.800E+1	1.100E+1	1.300E+1	1.400E+1	1.600E+1	1.300E+1	5.000E+0	1.100E+1	1.900E+1	1.300E+1	1.500E+1	1.200E+1	1.200E+1	1.800E+1	1.200E+1	1.900E+1	6.000E+0	1.700E+1	1.700E+1	2.000E+1	1.500E+1	2.000E+1	1.700E+1	2.000E+1	2.200E+1	1.800E+1	2.300E+1	1.300E+1	2.600E+1	1.500E+1	2.000E+1	2.400E+1	2.200E+1	1.600E+1	1.800E+1	1.700E+1	1.300E+1	2.100E+1	3.600E+1	2.200E+1	2.900E+1	4.300E+1	1.700E+1	3.000E+1	2.400E+1	4.300E+1	7.200E+1	8.400E+1	5.500E+1	4.200E+1	2.900E+1	3.600E+1	1.800E+1	2.500E+1	2.400E+1	1.700E+1	2.200E+1	2.200E+1	2.100E+1	1.400E+1	1.600E+1	2.100E+1	1.600E+1	1.400E+1	1.100E+1	1.500E+1	1.500E+1	1.400E+1	1.100E+1	9.000E+0	1.200E+1	0.000E+0	0.000E+0	3.000E+0	1.000E+0	3.000E+0	3.000E+0	2.000E+0	1.000E+0	0.000E+0	0.000E+0	0.000E+0	0.000E+0	0.000E+0	0.000E+0	0.000E+0	0.000E+0	0.000E+0	0.000E+0	2.000E+0	0.000E+0	0.000E+0	0.000E+0	0.000E+0	0.000E+0	0.000E+0	3.000E+0	3.000E+0	1.400E+1	3.400E+1	1.470E+2	4.520E+2	1.796E+3	6.241E+3	1.624E+4	2.744E+4	3.408E+4	3.404E+4	2.738E+4	1.630E+4	7.535E+3	2.720E+3	7.630E+2	1.760E+2	5.400E+1	9.000E+0	3.000E+0	1.000E+0	0.000E+0	0.000E+0	0.000E+0	0.000E+0	0.000E+0	0.000E+0	0.000E+0	0.000E+0	1.000E+0	0.000E+0	0.000E+0	1.000E+0	1.000E+0	0.000E+0	0.000E+0	0.000E+0	0.000E+0	1.000E+0	1.000E+0	0.000E+0	0.000E+0	0.000E+0	0.000E+0	0.000E+0	0.000E+0	0.000E+0	1.000E+0	0.000E+0	0.000E+0
0.000E+0	0.000E+0	0.000E+0	1.000E+0	0.000E+0	0.000E+0	0.000E+0	0.000E+0	0.000E+0	0.000E+0	0.000E+0	0.000E+0	0.000E+0	1.000E+0	0.000E+0	0.000E+0	1.000E+0	0.000E+0	0.000E+0	0.000E+0	0.000E+0	1.000E+0	0.000E+0	1.000E+0	0.000E+0	0.000E+0	0.000E+0	1.000E+0	0.000E+0	0.000E+0	0.000E+0	0.000E+0	0.000E+0	0.000E+0	0.000E+0	0.000E+0	0.000E+0	0.000E+0	0.000E+0	0.000E+0	2.000E+0	1.000E+1	7.000E+0	8.000E+0	1.100E+1	7.000E+0	1.100E+1	6.000E+0	8.000E+0	1.000E+1	1.000E+1	9.000E+0	1.400E+1	1.000E+1	1.600E+1	1.200E+1	1.300E+1	1.900E+1	1.400E+1	1.300E+1	1.200E+1	1.100E+1	1.300E+1	1.700E+1	1.300E+1	1.200E+1	1.000E+1	6.000E+0	8.000E+0	1.000E+1	1.800E+1	1.700E+1	1.400E+1	1.300E+1	1.700E+1	1.400E+1	1.700E+1	1.400E+1	1.500E+1	2.000E+1	1.200E+1	2.100E+1	2.000E+1	1.300E+1	2.400E+1	1.800E+1	1.700E+1	2.500E+1	1.900E+1	2.400E+1	2.400E+1	2.800E+1	2.800E+1	2.400E+1	2.100E+1	2.700E+1	3.200E+1	4.700E+1	3.500E+1	6.600E+1	6.500E+1	5.500E+1	5.400E+1	3.600E+1	3.400E+1	2.600E+1	2.600E+1	1.800E+1	2.100E+1	2.000E+1	9.000E+0	1.900E+1	1.200E+1	1.600E+1	2.000E+1	1.400E+1	1.600E+1	1.400E+1	1.500E+1	1.700E+1	1.800E+1	1.600E+1	1.400E+1	1.400E+1	2.000E+0	3.000E+0	3.000E+0	3.000E+0	1.000E+0	4.000E+0	2.000E+0	0.000E+0	0.000E+0	0.000E+0	0.000E+0	1.000E+0	0.000E+0	0.000E+0	0.000E+0	0.000E+0	0.000E+0	0.000E+0	0.000E+0	0.000E+0	0.000E+0	0.000E+0	0.000E+0	0.000E+0	0.000E+0	1.000E+0	5.000E+0	6.000E+0	2.600E+1	1.150E+2	5.480E+2	2.084E+3	6.763E+3	1.593E+4	2.691E+4	3.380E+4	3.372E+4	2.641E+4	1.644E+4	7.638E+3	2.635E+3	7.550E+2	1.630E+2	3.600E+1	6.000E+0	1.000E+0	4.000E+0	0.000E+0	0.000E+0	1.000E+0	0.000E+0	0.000E+0	0.000E+0	0.000E+0	0.000E+0	0.000E+0	0.000E+0	0.000E+0	1.000E+0	0.000E+0	0.000E+0	1.000E+0	0.000E+0	0.000E+0	0.000E+0	1.000E+0	0.000E+0	0.000E+0	1.000E+0	1.000E+0	0.000E+0	0.000E+0	0.000E+0	0.000E+0	0.000E+0	0.000E+0
1.000E+0	0.000E+0	0.000E+0	0.000E+0	0.000E+0	0.000E+0	0.000E+0	0.000E+0	0.000E+0	0.000E+0	0.000E+0	0.000E+0	0.000E+0	0.000E+0	1.000E+0	0.000E+0	0.000E+0	0.000E+0	0.000E+0	0.000E+0	0.000E+0	0.000E+0	0.000E+0	1.000E+0	0.000E+0	1.000E+0	1.000E+0	2.000E+0	0.000E+0	0.000E+0	0.000E+0	0.000E+0	0.000E+0	0.000E+0	0.000E+0	0.000E+0	0.000E+0	0.000E+0	0.000E+0	1.000E+0	2.000E+0	4.000E+0	1.200E+1	8.000E+0	6.000E+0	1.000E+1	6.000E+0	1.000E+1	6.000E+0	6.000E+0	9.000E+0	1.600E+1	7.000E+0	9.000E+0	1.400E+1	6.000E+0	1.300E+1	1.900E+1	1.200E+1	1.600E+1	1.000E+1	1.000E+1	1.400E+1	1.100E+1	1.600E+1	7.000E+0	9.000E+0	1.000E+1	1.400E+1	2.100E+1	1.300E+1	1.100E+1	1.500E+1	3.000E+0	1.300E+1	1.700E+1	1.400E+1	1.900E+1	1.200E+1	1.800E+1	2.000E+1	9.000E+0	1.500E+1	1.600E+1	2.400E+1	1.200E+1	1.800E+1	1.900E+1	2.900E+1	2.400E+1	2.500E+1	1.900E+1	2.300E+1	2.400E+1	2.100E+1	1.400E+1	2.100E+1	3.400E+1	4.800E+1	6.200E+1	6.000E+1	6.400E+1	2.400E+1	3.800E+1	2.500E+1	2.000E+1	2.100E+1	1.900E+1	1.600E+1	1.900E+1	1.000E+1	1.900E+1	1.300E+1	1.900E+1	1.200E+1	1.600E+1	2.100E+1	1.300E+1	1.600E+1	1.700E+1	1.800E+1	2.300E+1	7.000E+0	1.200E+1	2.000E+0	4.000E+0	5.000E+0	3.000E+0	1.000E+0	1.000E+0	1.000E+0	0.000E+0	0.000E+0	0.000E+0	0.000E+0	0.000E+0	0.000E+0	0.000E+0	1.000E+0	0.000E+0	1.000E+0	1.000E+0	0.000E+0	0.000E+0	0.000E+0	0.000E+0	0.000E+0	0.000E+0	1.000E+0	0.000E+0	2.000E+0	9.000E+0	3.200E+1	1.000E+2	4.950E+2	1.987E+3	6.364E+3	1.527E+4	2.614E+4	3.303E+4	3.224E+4	2.569E+4	1.622E+4	7.116E+3	2.276E+3	5.920E+2	1.530E+2	5.100E+1	9.000E+0	4.000E+0	1.000E+0	0.000E+0	0.000E+0	0.000E+0	0.000E+0	0.000E+0	0.000E+0	0.000E+0	0.000E+0	0.000E+0	0.000E+0	0.000E+0	1.000E+0	0.000E+0	0.000E+0	0.000E+0	0.000E+0	0.000E+0	1.000E+0	1.000E+0	0.000E+0	0.000E+0	0.000E+0	0.000E+0	0.000E+0	0.000E+0	0.000E+0	0.000E+0	1.000E+0	0.000E+0
0.000E+0	1.000E+0	0.000E+0	0.000E+0	0.000E+0	1.000E+0	0.000E+0	0.000E+0	0.000E+0	2.000E+0	0.000E+0	2.000E+0	0.000E+0	0.000E+0	0.000E+0	0.000E+0	0.000E+0	0.000E+0	0.000E+0	1.000E+0	0.000E+0	0.000E+0	0.000E+0	0.000E+0	0.000E+0	0.000E+0	0.000E+0	1.000E+0	0.000E+0	0.000E+0	0.000E+0	1.000E+0	0.000E+0	0.000E+0	0.000E+0	0.000E+0	0.000E+0	0.000E+0	0.000E+0	2.000E+0	1.000E+0	7.000E+0	4.000E+0	9.000E+0	1.200E+1	1.300E+1	8.000E+0	8.000E+0	1.000E+0	1.000E+1	9.000E+0	1.000E+1	9.000E+0	1.300E+1	1.300E+1	1.400E+1	1.100E+1	1.600E+1	7.000E+0	1.300E+1	1.700E+1	9.000E+0	1.800E+1	1.400E+1	1.400E+1	1.200E+1	1.500E+1	1.700E+1	1.500E+1	2.000E+1	1.500E+1	1.800E+1	1.100E+1	1.600E+1	1.400E+1	1.800E+1	1.200E+1	1.800E+1	2.100E+1	1.800E+1	1.600E+1	1.600E+1	1.400E+1	1.700E+1	1.200E+1	1.900E+1	2.700E+1	2.200E+1	1.400E+1	2.100E+1	2.000E+1	2.100E+1	2.100E+1	3.100E+1	2.600E+1	2.300E+1	2.400E+1	4.100E+1	5.500E+1	5.800E+1	5.400E+1	6.400E+1	3.100E+1	3.200E+1	2.600E+1	2.500E+1	2.400E+1	2.300E+1	1.900E+1	1.600E+1	1.600E+1	1.300E+1	1.500E+1	1.400E+1	2.300E+1	1.200E+1	1.900E+1	1.900E+1	2.400E+1	1.600E+1	1.100E+1	1.200E+1	1.400E+1	9.000E+0	4.000E+0	1.000E+0	1.000E+0	2.000E+0	3.000E+0	3.000E+0	0.000E+0	0.000E+0	0.000E+0	1.000E+0	1.000E+0	2.000E+0	0.000E+0	0.000E+0	0.000E+0	0.000E+0	0.000E+0	0.000E+0	0.000E+0	0.000E+0	0.000E+0	0.000E+0	0.000E+0	0.000E+0	0.000E+0	1.000E+0	1.000E+0	8.000E+0	2.400E+1	1.100E+2	4.590E+2	1.868E+3	6.180E+3	1.552E+4	2.745E+4	3.495E+4	3.398E+4	2.660E+4	1.619E+4	7.394E+3	2.390E+3	5.990E+2	1.370E+2	2.900E+1	7.000E+0	3.000E+0	6.000E+0	0.000E+0	0.000E+0	0.000E+0	1.000E+0	0.000E+0	0.000E+0	1.000E+0	0.000E+0	0.000E+0	0.000E+0	0.000E+0	0.000E+0	0.000E+0	0.000E+0	0.000E+0	1.000E+0	0.000E+0	0.000E+0	0.000E+0	0.000E+0	1.000E+0	0.000E+0	1.000E+0	0.000E+0	0.000E+0	0.000E+0	0.000E+0	0.000E+0	0.000E+0
0.000E+0	1.000E+0	0.000E+0	1.000E+0	0.000E+0	0.000E+0	0.000E+0	0.000E+0	0.000E+0	0.000E+0	0.000E+0	0.000E+0	1.000E+0	0.000E+0	0.000E+0	0.000E+0	0.000E+0	1.000E+0	0.000E+0	1.000E+0	0.000E+0	0.000E+0	0.000E+0	1.000E+0	0.000E+0	0.000E+0	0.000E+0	1.000E+0	1.000E+0	0.000E+0	0.000E+0	0.000E+0	0.000E+0	0.000E+0	0.000E+0	0.000E+0	0.000E+0	0.000E+0	0.000E+0	0.000E+0	4.000E+0	8.000E+0	9.000E+0	7.000E+0	8.000E+0	7.000E+0	9.000E+0	1.200E+1	1.100E+1	4.000E+0	1.200E+1	1.000E+1	7.000E+0	1.200E+1	7.000E+0	5.000E+0	9.000E+0	1.100E+1	1.000E+1	1.300E+1	1.300E+1	1.100E+1	8.000E+0	1.400E+1	1.300E+1	1.700E+1	1.400E+1	1.600E+1	1.800E+1	1.100E+1	1.500E+1	1.300E+1	1.100E+1	1.300E+1	1.500E+1	8.000E+0	8.000E+0	1.500E+1	1.600E+1	2.300E+1	1.100E+1	1.500E+1	1.200E+1	2.000E+1	1.300E+1	1.600E+1	1.700E+1	1.400E+1	1.200E+1	1.600E+1	2.100E+1	1.100E+1	1.400E+1	1.600E+1	2.200E+1	2.400E+1	3.000E+1	2.600E+1	3.400E+1	5.300E+1	6.400E+1	4.400E+1	5.000E+1	2.700E+1	3.000E+1	2.300E+1	1.500E+1	1.600E+1	1.400E+1	1.100E+1	1.600E+1	1.800E+1	2.300E+1	2.300E+1	1.600E+1	1.400E+1	1.300E+1	1.100E+1	1.600E+1	1.600E+1	1.200E+1	1.300E+1	1.400E+1	1.600E+1	3.000E+0	8.000E+0	4.000E+0	3.000E+0	0.000E+0	1.000E+0	1.000E+0	1.000E+0	0.000E+0	0.000E+0	0.000E+0	0.000E+0	0.000E+0	2.000E+0	1.000E+0	0.000E+0	0.000E+0	0.000E+0	0.000E+0	0.000E+0	0.000E+0	0.000E+0	0.000E+0	0.000E+0	0.000E+0	0.000E+0	0.000E+0	9.000E+0	2.900E+1	1.090E+2	4.740E+2	1.942E+3	6.096E+3	1.400E+4	2.419E+4	3.008E+4	2.950E+4	2.393E+4	1.515E+4	6.735E+3	2.180E+3	6.110E+2	1.970E+2	3.900E+1	7.000E+0	3.000E+0	1.000E+0	0.000E+0	0.000E+0	0.000E+0	0.000E+0	0.000E+0	0.000E+0	0.000E+0	0.000E+0	0.000E+0	1.000E+0	2.000E+0	0.000E+0	0.000E+0	0.000E+0	0.000E+0	0.000E+0	0.000E+0	0.000E+0	1.000E+0	0.000E+0	0.000E+0	0.000E+0	0.000E+0	0.000E+0	0.000E+0	0.000E+0	0.000E+0	0.000E+0	0.000E+0
0.000E+0	0.000E+0	0.000E+0	0.000E+0	0.000E+0	0.000E+0	0.000E+0	0.000E+0	0.000E+0	0.000E+0	0.000E+0	0.000E+0	0.000E+0	1.000E+0	1.000E+0	0.000E+0	1.000E+0	0.000E+0	0.000E+0	0.000E+0	0.000E+0	0.000E+0	0.000E+0	0.000E+0	0.000E+0	0.000E+0	0.000E+0	0.000E+0	0.000E+0	0.000E+0	0.000E+0	0.000E+0	0.000E+0	0.000E+0	2.000E+0	0.000E+0	0.000E+0	0.000E+0	0.000E+0	1.000E+0	1.000E+0	1.100E+1	3.000E+0	7.000E+0	4.000E+0	1.300E+1	7.000E+0	1.400E+1	1.200E+1	1.400E+1	1.600E+1	9.000E+0	8.000E+0	1.000E+1	1.100E+1	8.000E+0	1.100E+1	6.000E+0	1.200E+1	1.300E+1	1.200E+1	1.900E+1	1.200E+1	1.400E+1	1.100E+1	1.400E+1	1.500E+1	1.500E+1	1.500E+1	1.500E+1	1.200E+1	1.900E+1	1.900E+1	1.400E+1	1.200E+1	1.600E+1	1.500E+1	1.000E+1	2.000E+1	2.300E+1	2.200E+1	1.600E+1	1.200E+1	1.600E+1	1.900E+1	1.400E+1	2.400E+1	1.900E+1	2.900E+1	1.900E+1	2.500E+1	2.600E+1	2.700E+1	2.500E+1	1.700E+1	2.800E+1	2.700E+1	2.800E+1	4.600E+1	5.900E+1	7.400E+1	4.300E+1	4.500E+1	3.500E+1	3.400E+1	3.000E+1	2.600E+1	1.900E+1	2.100E+1	2.200E+1	2.000E+1	1.700E+1	1.800E+1	1.900E+1	2.000E+1	2.800E+1	1.100E+1	1.100E+1	2.000E+1	1.100E+1	1.800E+1	1.400E+1	1.400E+1	7.000E+0	3.000E+0	5.000E+0	1.000E+1	1.000E+0	1.100E+1	1.000E+0	4.000E+0	0.000E+0	0.000E+0	0.000E+0	1.000E+0	0.000E+0	0.000E+0	0.000E+0	0.000E+0	0.000E+0	0.000E+0	1.000E+0	0.000E+0	1.000E+0	0.000E+0	0.000E+0	0.000E+0	0.000E+0	1.000E+0	4.000E+0	2.000E+0	9.000E+0	3.600E+1	1.490E+2	5.340E+2	2.147E+3	6.589E+3	1.599E+4	2.651E+4	3.287E+4	3.340E+4	2.696E+4	1.628E+4	7.065E+3	2.429E+3	6.710E+2	1.610E+2	4.100E+1	1.500E+1	3.000E+0	0.000E+0	0.000E+0	0.000E+0	0.000E+0	0.000E+0	1.000E+0	0.000E+0	0.000E+0	0.000E+0	0.000E+0	0.000E+0	0.000E+0	0.000E+0	0.000E+0	0.000E+0	1.000E+0	0.000E+0	0.000E+0	0.000E+0	0.000E+0	0.000E+0	0.000E+0	0.000E+0	0.000E+0	0.000E+0	0.000E+0	0.000E+0	0.000E+0	0.000E+0	0.000E+0
1.000E+0	0.000E+0	0.000E+0	0.000E+0	0.000E+0	0.000E+0	0.000E+0	1.000E+0	0.000E+0	2.000E+0	1.000E+0	0.000E+0	1.000E+0	0.000E+0	0.000E+0	0.000E+0	1.000E+0	1.000E+0	0.000E+0	0.000E+0	1.000E+0	0.000E+0	0.000E+0	0.000E+0	0.000E+0	1.000E+0	0.000E+0	1.000E+0	0.000E+0	0.000E+0	0.000E+0	1.000E+0	0.000E+0	1.000E+0	0.000E+0	1.000E+0	0.000E+0	1.000E+0	0.000E+0	1.000E+0	5.000E+0	8.000E+0	5.000E+0	9.000E+0	1.200E+1	5.000E+0	9.000E+0	1.500E+1	9.000E+0	1.600E+1	6.000E+0	8.000E+0	1.400E+1	7.000E+0	1.000E+1	9.000E+0	9.000E+0	1.400E+1	1.300E+1	9.000E+0	1.100E+1	1.400E+1	1.200E+1	1.000E+1	1.300E+1	1.500E+1	8.000E+0	1.400E+1	9.000E+0	1.200E+1	1.000E+1	2.000E+1	1.700E+1	1.200E+1	1.800E+1	1.500E+1	1.600E+1	8.000E+0	1.400E+1	2.500E+1	1.900E+1	2.000E+1	1.600E+1	1.300E+1	1.200E+1	1.800E+1	1.900E+1	1.700E+1	1.800E+1	1.400E+1	1.000E+1	2.100E+1	2.100E+1	3.000E+1	2.400E+1	2.700E+1	2.700E+1	4.900E+1	4.200E+1	5.000E+1	7.300E+1	6.400E+1	3.500E+1	3.600E+1	2.800E+1	2.700E+1	3.300E+1	2.800E+1	1.700E+1	2.400E+1	2.100E+1	1.600E+1	3.100E+1	1.900E+1	1.100E+1	2.100E+1	1.300E+1	2.400E+1	1.300E+1	1.400E+1	1.100E+1	2.100E+1	1.700E+1	2.000E+1	1.000E+0	4.000E+0	2.000E+0	6.000E+0	3.000E+0	3.000E+0	3.000E+0	1.000E+0	0.000E+0	0.000E+0	0.000E+0	0.000E+0	0.000E+0	0.000E+0	1.000E+0	1.000E+0	1.000E+0	0.000E+0	0.000E+0	0.000E+0	0.000E+0	0.000E+0	0.000E+0	1.000E+0	0.000E+0	0.000E+0	1.000E+0	3.000E+0	2.600E+1	1.070E+2	4.340E+2	1.984E+3	6.752E+3	1.632E+4	2.723E+4	3.434E+4	3.450E+4	2.722E+4	1.662E+4	7.462E+3	2.619E+3	7.580E+2	1.420E+2	2.900E+1	9.000E+0	3.000E+0	0.000E+0	2.000E+0	1.000E+0	0.000E+0	1.000E+0	0.000E+0	0.000E+0	0.000E+0	0.000E+0	0.000E+0	0.000E+0	1.000E+0	1.000E+0	0.000E+0	0.000E+0	1.000E+0	0.000E+0	0.000E+0	0.000E+0	0.000E+0	0.000E+0	0.000E+0	0.000E+0	0.000E+0	0.000E+0	0.000E+0	0.000E+0	1.000E+0	0.000E+0	0.000E+0
0.000E+0	0.000E+0	0.000E+0	0.000E+0	1.000E+0	1.000E+0	1.000E+0	0.000E+0	0.000E+0	0.000E+0	1.000E+0	0.000E+0	0.000E+0	0.000E+0	0.000E+0	0.000E+0	0.000E+0	0.000E+0	0.000E+0	0.000E+0	0.000E+0	0.000E+0	0.000E+0	0.000E+0	0.000E+0	1.000E+0	0.000E+0	0.000E+0	0.000E+0	0.000E+0	0.000E+0	0.000E+0	0.000E+0	1.000E+0	0.000E+0	1.000E+0	0.000E+0	0.000E+0	0.000E+0	1.000E+0	3.000E+0	9.000E+0	1.200E+1	8.000E+0	7.000E+0	1.200E+1	7.000E+0	8.000E+0	9.000E+0	9.000E+0	1.300E+1	1.000E+1	1.400E+1	9.000E+0	1.000E+1	1.100E+1	1.100E+1	1.700E+1	9.000E+0	1.900E+1	8.000E+0	6.000E+0	2.100E+1	1.800E+1	6.000E+0	2.000E+1	2.200E+1	1.600E+1	1.100E+1	1.400E+1	2.000E+1	1.700E+1	9.000E+0	1.600E+1	9.000E+0	1.700E+1	1.500E+1	1.600E+1	2.000E+1	1.000E+1	9.000E+0	1.000E+1	1.600E+1	2.000E+1	1.900E+1	1.800E+1	1.600E+1	1.400E+1	2.100E+1	1.000E+1	2.100E+1	2.100E+1	1.500E+1	1.400E+1	1.100E+1	2.800E+1	2.800E+1	3.400E+1	3.200E+1	4.600E+1	3.600E+1	4.700E+1	3.500E+1	3.400E+1	4.000E+1	2.500E+1	3.800E+1	3.000E+1	2.400E+1	2.300E+1	1.600E+1	1.400E+1	1.800E+1	1.900E+1	1.900E+1	1.300E+1	1.900E+1	2.400E+1	1.500E+1	1.300E+1	1.400E+1	1.600E+1	1.300E+1	9.000E+0	2.000E+0	4.000E+0	5.000E+0	2.000E+0	3.000E+0	2.000E+0	3.000E+0	0.000E+0	1.000E+0	0.000E+0	0.000E+0	0.000E+0	0.000E+0	0.000E+0	1.000E+0	0.000E+0	0.000E+0	0.000E+0	0.000E+0	0.000E+0	0.000E+0	0.000E+0	1.000E+0	0.000E+0	1.000E+0	0.000E+0	3.000E+0	4.000E+0	2.200E+1	9.600E+1	4.370E+2	1.874E+3	6.373E+3	1.579E+4	2.716E+4	3.432E+4	3.341E+4	2.675E+4	1.619E+4	7.296E+3	2.724E+3	8.920E+2	2.310E+2	3.400E+1	1.300E+1	8.000E+0	0.000E+0	0.000E+0	0.000E+0	0.000E+0	1.000E+0	0.000E+0	0.000E+0	0.000E+0	0.000E+0	0.000E+0	1.000E+0	0.000E+0	0.000E+0	0.000E+0	0.000E+0	0.000E+0	0.000E+0	0.000E+0	1.000E+0	0.000E+0	0.000E+0	0.000E+0	1.000E+0	0.000E+0	0.000E+0	0.000E+0	0.000E+0	0.000E+0	0.000E+0	0.000E+0
0.000E+0	1.000E+0	0.000E+0	0.000E+0	0.000E+0	1.000E+0	0.000E+0	1.000E+0	0.000E+0	0.000E+0	1.000E+0	0.000E+0	0.000E+0	0.000E+0	0.000E+0	0.000E+0	1.000E+0	0.000E+0	1.000E+0	0.000E+0	0.000E+0	0.000E+0	0.000E+0	0.000E+0	0.000E+0	0.000E+0	0.000E+0	0.000E+0	0.000E+0	0.000E+0	0.000E+0	0.000E+0	0.000E+0	0.000E+0	0.000E+0	1.000E+0	0.000E+0	0.000E+0	0.000E+0	0.000E+0	4.000E+0	9.000E+0	5.000E+0	6.000E+0	1.400E+1	6.000E+0	4.000E+0	2.000E+0	6.000E+0	1.000E+1	9.000E+0	2.000E+1	5.000E+0	8.000E+0	1.100E+1	1.400E+1	1.300E+1	1.300E+1	1.400E+1	6.000E+0	8.000E+0	1.500E+1	1.300E+1	1.500E+1	1.400E+1	1.300E+1	8.000E+0	1.000E+1	1.600E+1	8.000E+0	1.700E+1	1.200E+1	1.200E+1	1.300E+1	2.100E+1	7.000E+0	1.500E+1	1.400E+1	1.200E+1	2.400E+1	8.000E+0	1.500E+1	1.900E+1	1.700E+1	1.400E+1	1.800E+1	2.000E+1	2.000E+1	2.300E+1	2.200E+1	1.900E+1	1.800E+1	1.300E+1	2.700E+1	3.000E+1	2.500E+1	1.900E+1	3.200E+1	3.100E+1	4.400E+1	4.200E+1	3.400E+1	4.300E+1	3.900E+1	2.900E+1	2.400E+1	3.300E+1	3.400E+1	3.200E+1	2.400E+1	1.900E+1	1.400E+1	1.700E+1	2.000E+1	2.100E+1	1.700E+1	1.500E+1	1.900E+1	1.900E+1	1.600E+1	1.100E+1	1.300E+1	1.000E+1	2.400E+1	9.000E+0	4.000E+0	1.000E+0	3.000E+0	5.000E+0	4.000E+0	8.000E+0	1.000E+0	1.000E+0	0.000E+0	0.000E+0	0.000E+0	0.000E+0	0.000E+0	0.000E+0	0.000E+0	0.000E+0	0.000E+0	0.000E+0	0.000E+0	0.000E+0	1.000E+0	0.000E+0	0.000E+0	0.000E+0	0.000E+0	0.000E+0	7.000E+0	2.400E+1	9.700E+1	4.390E+2	2.043E+3	6.857E+3	1.587E+4	2.594E+4	3.335E+4	3.308E+4	2.590E+4	1.646E+4	7.740E+3	2.745E+3	7.400E+2	1.720E+2	4.200E+1	1.800E+1	2.000E+0	1.000E+0	0.000E+0	0.000E+0	0.000E+0	0.000E+0	0.000E+0	0.000E+0	0.000E+0	0.000E+0	0.000E+0	0.000E+0	0.000E+0	0.000E+0	0.000E+0	0.000E+0	0.000E+0	0.000E+0	0.000E+0	0.000E+0	0.000E+0	0.000E+0	0.000E+0	0.000E+0	0.000E+0	0.000E+0	0.000E+0	0.000E+0	0.000E+0	1.000E+0	0.000E+0
0.000E+0	1.000E+0	0.000E+0	0.000E+0	0.000E+0	0.000E+0	0.000E+0	0.000E+0	0.000E+0	0.000E+0	0.000E+0	1.000E+0	0.000E+0	0.000E+0	0.000E+0	0.000E+0	0.000E+0	0.000E+0	0.000E+0	1.000E+0	0.000E+0	0.000E+0	0.000E+0	0.000E+0	0.000E+0	0.000E+0	0.000E+0	0.000E+0	0.000E+0	1.000E+0	0.000E+0	0.000E+0	0.000E+0	0.000E+0	0.000E+0	0.000E+0	0.000E+0	0.000E+0	0.000E+0	2.000E+0	3.000E+0	5.000E+0	7.000E+0	7.000E+0	5.000E+0	6.000E+0	8.000E+0	8.000E+0	7.000E+0	1.000E+1	1.800E+1	1.300E+1	9.000E+0	5.000E+0	1.000E+1	5.000E+0	1.000E+1	1.400E+1	1.400E+1	1.300E+1	1.400E+1	8.000E+0	1.000E+1	2.100E+1	1.300E+1	1.200E+1	1.400E+1	1.600E+1	1.500E+1	1.500E+1	1.200E+1	1.400E+1	8.000E+0	1.400E+1	1.300E+1	1.200E+1	1.200E+1	1.900E+1	1.000E+1	1.600E+1	1.400E+1	1.600E+1	1.200E+1	1.800E+1	1.100E+1	2.300E+1	1.800E+1	1.500E+1	2.300E+1	2.100E+1	2.000E+1	1.400E+1	1.700E+1	2.900E+1	2.200E+1	2.000E+1	2.500E+1	2.700E+1	3.600E+1	4.700E+1	4.400E+1	5.300E+1	3.000E+1	2.100E+1	2.500E+1	2.400E+1	3.600E+1	1.800E+1	2.100E+1	2.900E+1	2.700E+1	2.100E+1	1.500E+1	2.100E+1	1.000E+1	1.800E+1	1.400E+1	1.800E+1	2.800E+1	2.100E+1	1.700E+1	2.000E+1	2.400E+1	2.500E+1	7.000E+0	4.000E+0	0.000E+0	8.000E+0	4.000E+0	4.000E+0	9.000E+0	1.000E+0	0.000E+0	1.000E+0	0.000E+0	0.000E+0	0.000E+0	0.000E+0	0.000E+0	0.000E+0	2.000E+0	0.000E+0	0.000E+0	0.000E+0	0.000E+0	0.000E+0	0.000E+0	0.000E+0	0.000E+0	1.000E+0	0.000E+0	9.000E+0	2.200E+1	1.010E+2	5.270E+2	1.850E+3	6.111E+3	1.540E+4	2.686E+4	3.398E+4	3.342E+4	2.680E+4	1.620E+4	7.226E+3	2.519E+3	6.920E+2	1.570E+2	4.700E+1	1.300E+1	4.000E+0	1.000E+0	0.000E+0	0.000E+0	1.000E+0	0.000E+0	0.000E+0	0.000E+0	0.000E+0	0.000E+0	0.000E+0	0.000E+0	0.000E+0	0.000E+0	0.000E+0	0.000E+0	0.000E+0	0.000E+0	0.000E+0	0.000E+0	0.000E+0	0.000E+0	1.000E+0	0.000E+0	1.000E+0	0.000E+0	0.000E+0	0.000E+0	0.000E+0	1.000E+0	0.000E+0
0.000E+0	0.000E+0	0.000E+0	0.000E+0	0.000E+0	0.000E+0	0.000E+0	0.000E+0	0.000E+0	1.000E+0	0.000E+0	1.000E+0	0.000E+0	1.000E+0	0.000E+0	0.000E+0	0.000E+0	0.000E+0	0.000E+0	1.000E+0	0.000E+0	0.000E+0	0.000E+0	0.000E+0	1.000E+0	0.000E+0	0.000E+0	0.000E+0	1.000E+0	0.000E+0	0.000E+0	1.000E+0	0.000E+0	1.000E+0	0.000E+0	0.000E+0	0.000E+0	0.000E+0	0.000E+0	0.000E+0	3.000E+0	8.000E+0	5.000E+0	8.000E+0	1.200E+1	3.000E+0	4.000E+0	9.000E+0	9.000E+0	1.300E+1	1.200E+1	1.000E+1	1.300E+1	6.000E+0	6.000E+0	1.300E+1	1.200E+1	1.500E+1	1.500E+1	7.000E+0	6.000E+0	1.000E+1	9.000E+0	1.300E+1	1.400E+1	1.800E+1	1.600E+1	1.600E+1	1.500E+1	1.000E+1	1.600E+1	1.200E+1	1.500E+1	1.500E+1	1.300E+1	1.200E+1	1.900E+1	1.700E+1	1.400E+1	2.700E+1	1.600E+1	2.900E+1	1.700E+1	1.500E+1	1.300E+1	1.300E+1	1.300E+1	1.900E+1	1.600E+1	1.600E+1	1.200E+1	2.700E+1	2.100E+1	1.900E+1	2.100E+1	2.200E+1	2.700E+1	3.500E+1	4.600E+1	5.700E+1	6.400E+1	3.200E+1	3.300E+1	3.900E+1	3.300E+1	3.100E+1	1.700E+1	1.700E+1	2.400E+1	1.900E+1	2.900E+1	1.700E+1	2.100E+1	1.600E+1	1.500E+1	1.900E+1	1.700E+1	1.600E+1	2.100E+1	2.000E+1	1.400E+1	2.300E+1	1.600E+1	1.000E+1	9.000E+0	3.000E+0	4.000E+0	4.000E+0	5.000E+0	1.000E+1	5.000E+0	1.000E+0	0.000E+0	0.000E+0	0.000E+0	1.000E+0	0.000E+0	0.000E+0	0.000E+0	0.000E+0	1.000E+0	1.000E+0	0.000E+0	2.000E+0	0.000E+0	0.000E+0	0.000E+0	1.000E+0	1.000E+0	0.000E+0	1.000E+0	6.000E+0	1.900E+1	8.200E+1	4.230E+2	1.926E+3	6.404E+3	1.569E+4	2.618E+4	3.299E+4	3.316E+4	2.571E+4	1.553E+4	7.436E+3	2.707E+3	7.760E+2	1.610E+2	2.900E+1	6.000E+0	3.000E+0	0.000E+0	0.000E+0	0.000E+0	0.000E+0	0.000E+0	0.000E+0	0.000E+0	0.000E+0	1.000E+0	0.000E+0	0.000E+0	1.000E+0	0.000E+0	0.000E+0	0.000E+0	0.000E+0	0.000E+0	0.000E+0	0.000E+0	0.000E+0	0.000E+0	0.000E+0	0.000E+0	0.000E+0	0.000E+0	0.000E+0	0.000E+0	0.000E+0	0.000E+0	1.000E+0
0.000E+0	0.000E+0	0.000E+0	0.000E+0	0.000E+0	2.000E+0	0.000E+0	0.000E+0	0.000E+0	0.000E+0	0.000E+0	0.000E+0	0.000E+0	0.000E+0	0.000E+0	1.000E+0	0.000E+0	0.000E+0	0.000E+0	0.000E+0	0.000E+0	0.000E+0	0.000E+0	0.000E+0	0.000E+0	0.000E+0	0.000E+0	0.000E+0	0.000E+0	0.000E+0	1.000E+0	0.000E+0	0.000E+0	0.000E+0	0.000E+0	0.000E+0	0.000E+0	0.000E+0	0.000E+0	0.000E+0	2.000E+0	4.000E+0	7.000E+0	8.000E+0	8.000E+0	7.000E+0	6.000E+0	9.000E+0	1.400E+1	8.000E+0	3.000E+0	6.000E+0	1.800E+1	1.000E+1	1.300E+1	1.300E+1	1.100E+1	1.000E+1	1.000E+1	7.000E+0	1.400E+1	1.400E+1	9.000E+0	7.000E+0	1.300E+1	1.700E+1	2.100E+1	1.700E+1	1.600E+1	1.600E+1	1.900E+1	1.300E+1	1.300E+1	1.900E+1	1.700E+1	1.400E+1	1.800E+1	1.200E+1	1.700E+1	1.500E+1	7.000E+0	1.100E+1	1.800E+1	1.300E+1	1.800E+1	2.100E+1	1.200E+1	1.700E+1	2.000E+1	9.000E+0	1.800E+1	1.400E+1	1.100E+1	2.500E+1	2.500E+1	1.900E+1	2.700E+1	2.100E+1	3.400E+1	5.700E+1	4.000E+1	4.700E+1	3.600E+1	2.700E+1	2.800E+1	2.600E+1	2.400E+1	3.200E+1	2.800E+1	2.100E+1	3.300E+1	2.000E+1	2.200E+1	1.300E+1	2.500E+1	1.100E+1	1.600E+1	1.100E+1	1.600E+1	1.900E+1	1.800E+1	2.400E+1	2.100E+1	2.200E+1	1.000E+1	1.200E+1	4.000E+0	7.000E+0	9.000E+0	6.000E+0	6.000E+0	2.000E+0	0.000E+0	0.000E+0	0.000E+0	0.000E+0	0.000E+0	0.000E+0	0.000E+0	0.000E+0	0.000E+0	0.000E+0	0.000E+0	0.000E+0	0.000E+0	0.000E+0	0.000E+0	0.000E+0	1.000E+0	0.000E+0	1.000E+0	6.000E+0	3.400E+1	9.200E+1	3.850E+2	1.696E+3	6.154E+3	1.575E+4	2.636E+4	3.346E+4	3.312E+4	2.648E+4	1.595E+4	7.114E+3	2.535E+3	7.060E+2	1.660E+2	4.200E+1	1.600E+1	6.000E+0	2.000E+0	0.000E+0	0.000E+0	0.000E+0	0.000E+0	0.000E+0	0.000E+0	0.000E+0	1.000E+0	0.000E+0	1.000E+0	1.000E+0	0.000E+0	0.000E+0	0.000E+0	1.000E+0	0.000E+0	0.000E+0	0.000E+0	1.000E+0	0.000E+0	0.000E+0	0.000E+0	1.000E+0	0.000E+0	0.000E+0	0.000E+0	0.000E+0	1.000E+0	0.000E+0
0.000E+0	0.000E+0	0.000E+0	1.000E+0	1.000E+0	0.000E+0	0.000E+0	0.000E+0	0.000E+0	1.000E+0	0.000E+0	0.000E+0	0.000E+0	0.000E+0	0.000E+0	0.000E+0	0.000E+0	0.000E+0	0.000E+0	0.000E+0	0.000E+0	0.000E+0	0.000E+0	1.000E+0	0.000E+0	0.000E+0	0.000E+0	0.000E+0	0.000E+0	0.000E+0	0.000E+0	0.000E+0	0.000E+0	0.000E+0	0.000E+0	0.000E+0	0.000E+0	0.000E+0	2.000E+0	2.000E+0	3.000E+0	3.000E+0	1.100E+1	4.000E+0	3.000E+0	8.000E+0	1.000E+1	3.000E+0	1.100E+1	1.200E+1	1.000E+1	8.000E+0	6.000E+0	1.500E+1	6.000E+0	8.000E+0	1.200E+1	1.800E+1	1.500E+1	9.000E+0	1.500E+1	9.000E+0	1.300E+1	1.100E+1	1.300E+1	1.100E+1	1.200E+1	1.400E+1	1.100E+1	1.200E+1	1.600E+1	9.000E+0	1.700E+1	1.300E+1	1.500E+1	1.500E+1	2.000E+1	2.100E+1	1.700E+1	2.000E+1	1.900E+1	1.300E+1	1.600E+1	1.900E+1	1.700E+1	1.300E+1	2.200E+1	9.000E+0	1.500E+1	1.400E+1	2.100E+1	1.500E+1	1.600E+1	2.600E+1	2.100E+1	2.000E+1	1.300E+1	4.100E+1	4.500E+1	6.600E+1	5.800E+1	5.100E+1	3.300E+1	2.300E+1	2.600E+1	2.200E+1	3.100E+1	2.600E+1	3.100E+1	2.700E+1	2.000E+1	2.000E+1	2.000E+1	1.400E+1	1.600E+1	9.000E+0	1.200E+1	1.300E+1	1.700E+1	1.700E+1	1.800E+1	2.600E+1	1.900E+1	2.200E+1	5.000E+0	6.000E+0	7.000E+0	1.000E+1	3.000E+0	5.000E+0	6.000E+0	0.000E+0	0.000E+0	0.000E+0	1.000E+0	0.000E+0	0.000E+0	1.000E+0	0.000E+0	0.000E+0	0.000E+0	0.000E+0	0.000E+0	0.000E+0	0.000E+0	0.000E+0	0.000E+0	1.000E+0	0.000E+0	1.000E+0	0.000E+0	4.000E+0	2.600E+1	1.180E+2	4.500E+2	2.006E+3	6.573E+3	1.582E+4	2.741E+4	3.522E+4	3.487E+4	2.749E+4	1.666E+4	7.477E+3	2.329E+3	6.220E+2	1.480E+2	3.000E+1	8.000E+0	2.000E+0	1.000E+0	2.000E+0	0.000E+0	0.000E+0	0.000E+0	0.000E+0	0.000E+0	0.000E+0	0.000E+0	0.000E+0	0.000E+0	0.000E+0	0.000E+0	0.000E+0	0.000E+0	0.000E+0	1.000E+0	0.000E+0	0.000E+0	1.000E+0	0.000E+0	0.000E+0	1.000E+0	0.000E+0	0.000E+0	1.000E+0	0.000E+0	0.000E+0	0.000E+0	0.000E+0
1.000E+0	0.000E+0	0.000E+0	0.000E+0	1.000E+0	0.000E+0	0.000E+0	0.000E+0	0.000E+0	1.000E+0	0.000E+0	0.000E+0	0.000E+0	1.000E+0	0.000E+0	1.000E+0	0.000E+0	0.000E+0	1.000E+0	0.000E+0	2.000E+0	0.000E+0	0.000E+0	0.000E+0	0.000E+0	0.000E+0	0.000E+0	0.000E+0	0.000E+0	0.000E+0	0.000E+0	0.000E+0	0.000E+0	1.000E+0	1.000E+0	0.000E+0	0.000E+0	0.000E+0	0.000E+0	1.000E+0	2.000E+0	5.000E+0	6.000E+0	9.000E+0	1.200E+1	7.000E+0	7.000E+0	7.000E+0	1.000E+1	1.300E+1	8.000E+0	1.100E+1	6.000E+0	8.000E+0	1.200E+1	1.700E+1	9.000E+0	1.700E+1	1.000E+1	1.500E+1	8.000E+0	9.000E+0	1.500E+1	1.300E+1	1.400E+1	1.700E+1	1.400E+1	1.400E+1	1.800E+1	1.200E+1	1.200E+1	1.400E+1	1.500E+1	8.000E+0	1.500E+1	2.000E+1	2.100E+1	1.700E+1	1.500E+1	1.600E+1	2.000E+1	1.400E+1	1.100E+1	1.600E+1	2.000E+1	1.500E+1	1.400E+1	1.500E+1	1.100E+1	1.300E+1	1.600E+1	9.000E+0	1.400E+1	1.800E+1	2.100E+1	2.100E+1	1.800E+1	4.500E+1	5.100E+1	4.300E+1	6.000E+1	5.100E+1	3.200E+1	3.200E+1	3.300E+1	2.700E+1	2.700E+1	2.700E+1	1.800E+1	1.700E+1	2.400E+1	1.900E+1	2.200E+1	2.300E+1	1.800E+1	1.300E+1	1.600E+1	1.700E+1	2.300E+1	1.500E+1	2.200E+1	2.200E+1	3.100E+1	3.600E+1	8.000E+0	4.000E+0	9.000E+0	3.000E+0	3.000E+0	1.000E+0	4.000E+0	1.000E+0	0.000E+0	0.000E+0	0.000E+0	0.000E+0	1.000E+0	0.000E+0	0.000E+0	0.000E+0	1.000E+0	0.000E+0	0.000E+0	0.000E+0	0.000E+0	0.000E+0	0.000E+0	0.000E+0	1.000E+0	1.000E+0	1.000E+0	1.200E+1	3.500E+1	6.900E+1	4.430E+2	2.065E+3	6.726E+3	1.559E+4	2.643E+4	3.366E+4	3.336E+4	2.664E+4	1.720E+4	8.099E+3	2.867E+3	7.700E+2	1.720E+2	3.700E+1	1.300E+1	2.000E+0	1.000E+0	2.000E+0	0.000E+0	0.000E+0	0.000E+0	1.000E+0	0.000E+0	0.000E+0	0.000E+0	0.000E+0	1.000E+0	0.000E+0	0.000E+0	0.000E+0	1.000E+0	1.000E+0	0.000E+0	0.000E+0	0.000E+0	0.000E+0	0.000E+0	1.000E+0	0.000E+0	0.000E+0	1.000E+0	0.000E+0	0.000E+0	0.000E+0	1.000E+0	1.000E+0
0.000E+0	0.000E+0	1.000E+0	2.000E+0	0.000E+0	0.000E+0	0.000E+0	1.000E+0	0.000E+0	0.000E+0	0.000E+0	0.000E+0	0.000E+0	0.000E+0	0.000E+0	0.000E+0	0.000E+0	1.000E+0	0.000E+0	0.000E+0	0.000E+0	0.000E+0	0.000E+0	0.000E+0	0.000E+0	0.000E+0	0.000E+0	0.000E+0	0.000E+0	0.000E+0	0.000E+0	0.000E+0	0.000E+0	0.000E+0	0.000E+0	0.000E+0	0.000E+0	0.000E+0	0.000E+0	1.000E+0	1.000E+0	7.000E+0	3.000E+0	7.000E+0	1.000E+1	6.000E+0	9.000E+0	6.000E+0	1.100E+1	1.000E+1	1.800E+1	1.500E+1	1.300E+1	1.000E+1	1.200E+1	1.200E+1	2.100E+1	1.100E+1	1.100E+1	1.300E+1	9.000E+0	1.400E+1	6.000E+0	9.000E+0	1.900E+1	1.500E+1	8.000E+0	1.700E+1	1.900E+1	1.100E+1	1.600E+1	2.000E+1	1.100E+1	1.400E+1	1.500E+1	1.200E+1	1.800E+1	1.000E+1	1.800E+1	1.800E+1	1.600E+1	1.900E+1	1.700E+1	8.000E+0	2.000E+1	2.000E+1	2.100E+1	1.600E+1	9.000E+0	1.700E+1	1.300E+1	1.700E+1	1.400E+1	2.300E+1	2.700E+1	2.000E+1	2.500E+1	2.500E+1	5.100E+1	5.500E+1	5.700E+1	3.700E+1	4.000E+1	3.600E+1	2.300E+1	2.900E+1	2.100E+1	2.500E+1	2.200E+1	1.800E+1	1.500E+1	2.900E+1	1.900E+1	2.600E+1	2.100E+1	1.700E+1	2.100E+1	2.200E+1	1.200E+1	1.700E+1	1.800E+1	2.400E+1	2.700E+1	2.500E+1	6.000E+0	6.000E+0	4.000E+0	3.000E+0	1.000E+1	5.000E+0	5.000E+0	0.000E+0	0.000E+0	0.000E+0	1.000E+0	0.000E+0	0.000E+0	0.000E+0	1.000E+0	0.000E+0	0.000E+0	1.000E+0	0.000E+0	0.000E+0	0.000E+0	0.000E+0	0.000E+0	1.000E+0	1.000E+0	0.000E+0	4.000E+0	5.000E+0	2.300E+1	9.400E+1	4.160E+2	1.886E+3	6.884E+3	1.690E+4	2.806E+4	3.474E+4	3.486E+4	2.730E+4	1.652E+4	7.774E+3	3.009E+3	9.120E+2	2.720E+2	6.200E+1	1.500E+1	2.000E+0	2.000E+0	1.000E+0	0.000E+0	0.000E+0	0.000E+0	0.000E+0	0.000E+0	0.000E+0	0.000E+0	0.000E+0	0.000E+0	0.000E+0	0.000E+0	1.000E+0	0.000E+0	1.000E+0	0.000E+0	0.000E+0	0.000E+0	0.000E+0	0.000E+0	0.000E+0	0.000E+0	0.000E+0	0.000E+0	0.000E+0	0.000E+0	0.000E+0	0.000E+0	1.000E+0
0.000E+0	0.000E+0	0.000E+0	0.000E+0	0.000E+0	1.000E+0	0.000E+0	0.000E+0	1.000E+0	0.000E+0	0.000E+0	0.000E+0	1.000E+0	0.000E+0	1.000E+0	0.000E+0	0.000E+0	0.000E+0	0.000E+0	0.000E+0	0.000E+0	0.000E+0	0.000E+0	0.000E+0	1.000E+0	0.000E+0	0.000E+0	0.000E+0	0.000E+0	0.000E+0	0.000E+0	0.000E+0	0.000E+0	0.000E+0	0.000E+0	1.000E+0	0.000E+0	0.000E+0	0.000E+0	0.000E+0	2.000E+0	8.000E+0	6.000E+0	5.000E+0	3.000E+0	8.000E+0	8.000E+0	6.000E+0	9.000E+0	8.000E+0	1.200E+1	1.000E+1	1.100E+1	1.300E+1	1.300E+1	1.100E+1	1.100E+1	1.400E+1	1.200E+1	5.000E+0	1.400E+1	1.200E+1	1.400E+1	1.700E+1	2.100E+1	9.000E+0	1.600E+1	1.800E+1	1.600E+1	2.300E+1	1.500E+1	1.700E+1	2.000E+1	2.300E+1	1.500E+1	1.300E+1	1.800E+1	1.500E+1	2.400E+1	1.100E+1	1.700E+1	1.700E+1	1.800E+1	1.300E+1	1.300E+1	2.300E+1	2.000E+1	1.400E+1	2.200E+1	1.000E+1	1.400E+1	1.400E+1	1.300E+1	2.700E+1	2.500E+1	2.900E+1	2.300E+1	3.700E+1	2.800E+1	4.700E+1	6.200E+1	5.500E+1	4.500E+1	3.100E+1	2.700E+1	1.700E+1	2.600E+1	1.800E+1	1.900E+1	2.300E+1	2.100E+1	2.200E+1	2.000E+1	2.200E+1	2.000E+1	2.000E+1	2.700E+1	1.900E+1	2.000E+1	1.700E+1	1.900E+1	2.200E+1	2.400E+1	2.000E+1	8.000E+0	8.000E+0	8.000E+0	7.000E+0	5.000E+0	1.000E+1	9.000E+0	0.000E+0	1.000E+0	0.000E+0	0.000E+0	1.000E+0	0.000E+0	0.000E+0	0.000E+0	0.000E+0	1.000E+0	0.000E+0	0.000E+0	0.000E+0	0.000E+0	1.000E+0	0.000E+0	0.000E+0	1.000E+0	0.000E+0	1.000E+0	1.000E+1	1.700E+1	9.500E+1	3.950E+2	1.943E+3	6.873E+3	1.653E+4	2.783E+4	3.536E+4	3.552E+4	2.834E+4	1.681E+4	7.603E+3	2.680E+3	7.430E+2	1.420E+2	3.600E+1	7.000E+0	3.000E+0	1.000E+0	1.000E+0	0.000E+0	0.000E+0	0.000E+0	0.000E+0	0.000E+0	2.000E+0	0.000E+0	0.000E+0	0.000E+0	0.000E+0	0.000E+0	0.000E+0	0.000E+0	0.000E+0	0.000E+0	0.000E+0	0.000E+0	0.000E+0	0.000E+0	0.000E+0	0.000E+0	0.000E+0	0.000E+0	0.000E+0	0.000E+0	0.000E+0	0.000E+0	0.000E+0
1.000E+0	0.000E+0	0.000E+0	0.000E+0	0.000E+0	0.000E+0	0.000E+0	0.000E+0	0.000E+0	0.000E+0	0.000E+0	0.000E+0	1.000E+0	0.000E+0	0.000E+0	0.000E+0	0.000E+0	0.000E+0	0.000E+0	1.000E+0	0.000E+0	0.000E+0	0.000E+0	0.000E+0	0.000E+0	0.000E+0	0.000E+0	0.000E+0	0.000E+0	0.000E+0	0.000E+0	0.000E+0	1.000E+0	0.000E+0	0.000E+0	0.000E+0	0.000E+0	1.000E+0	0.000E+0	3.000E+0	3.000E+0	7.000E+0	4.000E+0	7.000E+0	7.000E+0	7.000E+0	5.000E+0	7.000E+0	8.000E+0	1.000E+1	1.500E+1	1.000E+1	2.000E+1	1.100E+1	1.500E+1	1.000E+1	9.000E+0	1.600E+1	8.000E+0	1.000E+1	1.500E+1	6.000E+0	1.400E+1	1.400E+1	1.800E+1	2.200E+1	1.300E+1	1.500E+1	2.000E+1	1.500E+1	1.200E+1	1.900E+1	1.400E+1	1.200E+1	1.300E+1	9.000E+0	1.400E+1	9.000E+0	1.200E+1	1.800E+1	1.600E+1	1.800E+1	1.800E+1	1.400E+1	2.200E+1	1.600E+1	2.000E+1	1.300E+1	1.400E+1	1.800E+1	1.100E+1	1.900E+1	1.400E+1	1.700E+1	3.100E+1	2.400E+1	2.400E+1	3.300E+1	4.300E+1	4.600E+1	5.400E+1	3.400E+1	3.600E+1	2.200E+1	2.000E+1	1.900E+1	3.300E+1	3.500E+1	1.800E+1	1.600E+1	1.500E+1	2.100E+1	2.600E+1	1.900E+1	2.500E+1	2.800E+1	2.400E+1	1.700E+1	1.700E+1	1.400E+1	2.400E+1	1.600E+1	1.700E+1	2.300E+1	9.000E+0	4.000E+0	4.000E+0	5.000E+0	6.000E+0	7.000E+0	7.000E+0	0.000E+0	0.000E+0	0.000E+0	0.000E+0	1.000E+0	0.000E+0	0.000E+0	0.000E+0	0.000E+0	0.000E+0	0.000E+0	0.000E+0	0.000E+0	0.000E+0	0.000E+0	1.000E+0	0.000E+0	1.000E+0	0.000E+0	3.000E+0	5.000E+0	2.200E+1	7.900E+1	4.010E+2	1.869E+3	6.482E+3	1.655E+4	2.841E+4	3.619E+4	3.529E+4	2.810E+4	1.700E+4	7.673E+3	2.647E+3	7.440E+2	1.740E+2	3.100E+1	1.000E+1	2.000E+0	3.000E+0	0.000E+0	0.000E+0	0.000E+0	0.000E+0	1.000E+0	1.000E+0	1.000E+0	0.000E+0	0.000E+0	0.000E+0	0.000E+0	0.000E+0	0.000E+0	0.000E+0	0.000E+0	0.000E+0	0.000E+0	0.000E+0	0.000E+0	0.000E+0	0.000E+0	1.000E+0	1.000E+0	0.000E+0	0.000E+0	0.000E+0	0.000E+0	0.000E+0	1.000E+0
0.000E+0	0.000E+0	0.000E+0	0.000E+0	0.000E+0	0.000E+0	0.000E+0	1.000E+0	0.000E+0	0.000E+0	0.000E+0	0.000E+0	0.000E+0	0.000E+0	0.000E+0	0.000E+0	0.000E+0	0.000E+0	0.000E+0	0.000E+0	0.000E+0	0.000E+0	0.000E+0	0.000E+0	0.000E+0	0.000E+0	0.000E+0	0.000E+0	0.000E+0	0.000E+0	0.000E+0	0.000E+0	1.000E+0	0.000E+0	1.000E+0	0.000E+0	0.000E+0	0.000E+0	0.000E+0	1.000E+0	3.000E+0	2.000E+0	7.000E+0	1.000E+1	7.000E+0	4.000E+0	1.000E+1	6.000E+0	9.000E+0	1.400E+1	7.000E+0	4.000E+0	1.100E+1	1.000E+1	8.000E+0	1.000E+1	1.400E+1	1.000E+1	1.100E+1	1.000E+1	1.300E+1	1.300E+1	1.400E+1	1.300E+1	1.700E+1	1.000E+1	1.000E+1	1.200E+1	1.900E+1	9.000E+0	1.200E+1	1.000E+1	1.500E+1	1.100E+1	1.300E+1	1.700E+1	1.300E+1	1.200E+1	1.000E+1	1.600E+1	1.700E+1	1.200E+1	1.600E+1	9.000E+0	2.000E+1	1.400E+1	1.000E+1	1.800E+1	1.800E+1	1.600E+1	1.200E+1	1.300E+1	1.200E+1	2.400E+1	2.200E+1	1.900E+1	2.400E+1	2.800E+1	4.100E+1	5.600E+1	5.600E+1	4.500E+1	4.100E+1	2.100E+1	1.600E+1	2.800E+1	1.500E+1	2.000E+1	2.700E+1	2.200E+1	2.000E+1	2.100E+1	3.000E+1	2.200E+1	1.700E+1	2.300E+1	2.200E+1	1.900E+1	1.600E+1	2.000E+1	1.800E+1	1.400E+1	1.800E+1	2.000E+1	5.000E+0	5.000E+0	6.000E+0	7.000E+0	5.000E+0	6.000E+0	3.000E+0	0.000E+0	0.000E+0	0.000E+0	0.000E+0	0.000E+0	1.000E+0	0.000E+0	0.000E+0	0.000E+0	1.000E+0	0.000E+0	0.000E+0	1.000E+0	0.000E+0	0.000E+0	0.000E+0	0.000E+0	0.000E+0	3.000E+0	0.000E+0	3.000E+0	2.200E+1	8.900E+1	4.550E+2	1.949E+3	6.744E+3	1.613E+4	2.743E+4	3.422E+4	3.362E+4	2.731E+4	1.687E+4	7.529E+3	2.746E+3	7.150E+2	1.860E+2	3.800E+1	1.200E+1	6.000E+0	4.000E+0	0.000E+0	0.000E+0	1.000E+0	0.000E+0	0.000E+0	0.000E+0	0.000E+0	1.000E+0	0.000E+0	0.000E+0	0.000E+0	0.000E+0	0.000E+0	0.000E+0	0.000E+0	0.000E+0	0.000E+0	0.000E+0	0.000E+0	0.000E+0	0.000E+0	0.000E+0	0.000E+0	0.000E+0	0.000E+0	0.000E+0	0.000E+0	0.000E+0	0.000E+0
0.000E+0	0.000E+0	0.000E+0	0.000E+0	0.000E+0	0.000E+0	0.000E+0	0.000E+0	0.000E+0	0.000E+0	0.000E+0	0.000E+0	0.000E+0	0.000E+0	0.000E+0	0.000E+0	1.000E+0	1.000E+0	0.000E+0	1.000E+0	0.000E+0	0.000E+0	1.000E+0	0.000E+0	0.000E+0	0.000E+0	0.000E+0	0.000E+0	1.000E+0	0.000E+0	0.000E+0	0.000E+0	0.000E+0	0.000E+0	0.000E+0	0.000E+0	0.000E+0	0.000E+0	0.000E+0	1.000E+0	2.000E+0	9.000E+0	8.000E+0	9.000E+0	5.000E+0	5.000E+0	1.000E+1	1.200E+1	1.200E+1	1.100E+1	6.000E+0	1.400E+1	8.000E+0	1.200E+1	1.900E+1	5.000E+0	1.400E+1	1.000E+1	9.000E+0	1.000E+1	9.000E+0	1.900E+1	2.000E+1	2.000E+1	9.000E+0	1.000E+1	1.400E+1	1.600E+1	1.100E+1	1.900E+1	1.200E+1	1.600E+1	1.600E+1	1.700E+1	1.100E+1	1.400E+1	1.900E+1	1.400E+1	1.300E+1	9.000E+0	1.100E+1	1.900E+1	9.000E+0	2.100E+1	1.500E+1	1.200E+1	1.100E+1	1.500E+1	1.000E+1	9.000E+0	1.900E+1	1.500E+1	1.500E+1	1.400E+1	1.700E+1	2.300E+1	2.500E+1	2.300E+1	3.500E+1	6.000E+1	4.100E+1	3.300E+1	3.100E+1	3.500E+1	1.400E+1	2.700E+1	2.100E+1	2.200E+1	1.500E+1	2.100E+1	2.400E+1	1.900E+1	1.800E+1	2.400E+1	2.900E+1	2.900E+1	2.200E+1	2.400E+1	1.500E+1	2.800E+1	2.000E+1	1.400E+1	2.200E+1	2.300E+1	5.000E+0	3.000E+0	2.000E+0	6.000E+0	4.000E+0	5.000E+0	7.000E+0	1.000E+0	0.000E+0	1.000E+0	0.000E+0	0.000E+0	0.000E+0	0.000E+0	0.000E+0	0.000E+0	0.000E+0	0.000E+0	0.000E+0	0.000E+0	0.000E+0	0.000E+0	0.000E+0	0.000E+0	1.000E+0	1.000E+0	3.000E+0	7.000E+0	2.500E+1	1.350E+2	4.640E+2	1.934E+3	6.610E+3	1.600E+4	2.719E+4	3.453E+4	3.450E+4	2.741E+4	1.680E+4	7.544E+3	2.624E+3	6.950E+2	1.650E+2	3.000E+1	9.000E+0	2.000E+0	1.000E+0	0.000E+0	0.000E+0	0.000E+0	0.000E+0	0.000E+0	0.000E+0	0.000E+0	0.000E+0	1.000E+0	0.000E+0	0.000E+0	0.000E+0	0.000E+0	0.000E+0	0.000E+0	0.000E+0	0.000E+0	0.000E+0	0.000E+0	1.000E+0	0.000E+0	0.000E+0	0.000E+0	1.000E+0	0.000E+0	0.000E+0	0.000E+0	0.000E+0	0.000E+0
0.000E+0	0.000E+0	0.000E+0	0.000E+0	0.000E+0	1.000E+0	0.000E+0	0.000E+0	0.000E+0	0.000E+0	0.000E+0	0.000E+0	0.000E+0	0.000E+0	0.000E+0	0.000E+0	0.000E+0	0.000E+0	0.000E+0	0.000E+0	0.000E+0	0.000E+0	1.000E+0	1.000E+0	0.000E+0	0.000E+0	0.000E+0	0.000E+0	0.000E+0	0.000E+0	0.000E+0	0.000E+0	1.000E+0	1.000E+0	0.000E+0	0.000E+0	0.000E+0	0.000E+0	0.000E+0	0.000E+0	2.000E+0	7.000E+0	1.300E+1	9.000E+0	7.000E+0	9.000E+0	1.600E+1	9.000E+0	4.000E+0	7.000E+0	9.000E+0	8.000E+0	7.000E+0	1.100E+1	1.200E+1	9.000E+0	7.000E+0	1.300E+1	1.500E+1	1.000E+1	9.000E+0	1.200E+1	7.000E+0	9.000E+0	2.100E+1	1.100E+1	1.200E+1	1.200E+1	1.900E+1	2.200E+1	1.800E+1	2.000E+1	7.000E+0	1.900E+1	1.200E+1	1.200E+1	1.700E+1	1.300E+1	1.400E+1	1.300E+1	1.800E+1	1.400E+1	2.100E+1	1.200E+1	8.000E+0	7.000E+0	1.500E+1	1.500E+1	2.300E+1	1.200E+1	1.600E+1	1.800E+1	2.000E+1	2.400E+1	1.800E+1	1.500E+1	2.200E+1	2.600E+1	3.200E+1	3.300E+1	4.100E+1	4.000E+1	2.400E+1	2.300E+1	2.100E+1	3.100E+1	1.600E+1	1.700E+1	2.100E+1	1.800E+1	2.000E+1	1.700E+1	2.600E+1	2.200E+1	2.700E+1	2.700E+1	2.300E+1	2.100E+1	2.600E+1	2.100E+1	2.600E+1	2.500E+1	2.600E+1	1.200E+1	5.000E+0	6.000E+0	5.000E+0	1.000E+0	6.000E+0	9.000E+0	5.000E+0	0.000E+0	0.000E+0	0.000E+0	0.000E+0	0.000E+0	0.000E+0	0.000E+0	0.000E+0	0.000E+0	0.000E+0	0.000E+0	0.000E+0	0.000E+0	0.000E+0	0.000E+0	0.000E+0	0.000E+0	0.000E+0	1.000E+0	0.000E+0	7.000E+0	2.500E+1	9.200E+1	4.580E+2	2.056E+3	7.113E+3	1.680E+4	2.814E+4	3.496E+4	3.479E+4	2.735E+4	1.661E+4	7.652E+3	2.724E+3	7.330E+2	1.790E+2	3.100E+1	1.300E+1	1.000E+0	1.000E+0	0.000E+0	1.000E+0	0.000E+0	0.000E+0	0.000E+0	0.000E+0	0.000E+0	0.000E+0	1.000E+0	1.000E+0	0.000E+0	0.000E+0	0.000E+0	0.000E+0	0.000E+0	0.000E+0	1.000E+0	0.000E+0	0.000E+0	0.000E+0	0.000E+0	0.000E+0	0.000E+0	0.000E+0	0.000E+0	0.000E+0	0.000E+0	0.000E+0	0.000E+0
0.000E+0	0.000E+0	0.000E+0	0.000E+0	0.000E+0	0.000E+0	0.000E+0	0.000E+0	0.000E+0	0.000E+0	0.000E+0	0.000E+0	0.000E+0	0.000E+0	0.000E+0	0.000E+0	0.000E+0	0.000E+0	0.000E+0	0.000E+0	0.000E+0	0.000E+0	0.000E+0	0.000E+0	0.000E+0	1.000E+0	1.000E+0	0.000E+0	0.000E+0	0.000E+0	0.000E+0	0.000E+0	0.000E+0	0.000E+0	0.000E+0	0.000E+0	0.000E+0	0.000E+0	0.000E+0	0.000E+0	0.000E+0	6.000E+0	5.000E+0	1.000E+1	6.000E+0	1.000E+1	9.000E+0	6.000E+0	8.000E+0	8.000E+0	8.000E+0	1.100E+1	1.100E+1	1.100E+1	7.000E+0	1.200E+1	1.500E+1	8.000E+0	1.100E+1	1.000E+1	7.000E+0	1.600E+1	1.500E+1	1.000E+1	9.000E+0	1.400E+1	1.100E+1	1.700E+1	1.000E+1	1.500E+1	2.000E+1	1.300E+1	1.200E+1	8.000E+0	1.100E+1	1.000E+1	1.200E+1	1.200E+1	2.100E+1	1.400E+1	1.500E+1	2.000E+1	1.400E+1	1.700E+1	1.300E+1	1.000E+1	1.900E+1	1.400E+1	1.100E+1	1.200E+1	1.500E+1	1.700E+1	2.100E+1	1.600E+1	2.100E+1	1.900E+1	1.900E+1	2.800E+1	2.200E+1	3.800E+1	2.800E+1	3.500E+1	2.700E+1	2.400E+1	2.300E+1	1.900E+1	1.600E+1	2.300E+1	1.300E+1	1.600E+1	1.600E+1	2.000E+1	2.200E+1	1.200E+1	2.300E+1	2.400E+1	2.500E+1	1.900E+1	2.300E+1	2.500E+1	2.900E+1	2.200E+1	2.700E+1	1.700E+1	7.000E+0	4.000E+0	7.000E+0	2.000E+0	4.000E+0	6.000E+0	6.000E+0	0.000E+0	0.000E+0	0.000E+0	1.000E+0	0.000E+0	0.000E+0	0.000E+0	1.000E+0	0.000E+0	0.000E+0	0.000E+0	0.000E+0	0.000E+0	0.000E+0	1.000E+0	0.000E+0	1.000E+0	0.000E+0	0.000E+0	4.000E+0	1.200E+1	2.300E+1	9.300E+1	4.740E+2	2.016E+3	6.591E+3	1.582E+4	2.613E+4	3.360E+4	3.305E+4	2.648E+4	1.659E+4	7.618E+3	2.702E+3	7.590E+2	1.990E+2	4.400E+1	1.300E+1	3.000E+0	1.000E+0	0.000E+0	0.000E+0	0.000E+0	0.000E+0	0.000E+0	1.000E+0	1.000E+0	0.000E+0	0.000E+0	1.000E+0	0.000E+0	0.000E+0	0.000E+0	0.000E+0	0.000E+0	0.000E+0	0.000E+0	0.000E+0	1.000E+0	0.000E+0	0.000E+0	0.000E+0	0.000E+0	1.000E+0	1.000E+0	0.000E+0	0.000E+0	0.000E+0	0.000E+0
0.000E+0	0.000E+0	0.000E+0	0.000E+0	1.000E+0	0.000E+0	0.000E+0	1.000E+0	0.000E+0	0.000E+0	0.000E+0	0.000E+0	0.000E+0	0.000E+0	0.000E+0	0.000E+0	1.000E+0	1.000E+0	0.000E+0	0.000E+0	0.000E+0	1.000E+0	0.000E+0	0.000E+0	1.000E+0	0.000E+0	0.000E+0	0.000E+0	0.000E+0	0.000E+0	0.000E+0	0.000E+0	0.000E+0	0.000E+0	0.000E+0	0.000E+0	0.000E+0	0.000E+0	1.000E+0	0.000E+0	1.000E+0	6.000E+0	3.000E+0	1.100E+1	1.200E+1	2.000E+1	6.000E+0	1.100E+1	7.000E+0	8.000E+0	1.200E+1	1.200E+1	1.700E+1	7.000E+0	9.000E+0	4.000E+0	9.000E+0	1.200E+1	9.000E+0	1.000E+1	1.600E+1	1.000E+1	9.000E+0	1.300E+1	1.700E+1	1.700E+1	1.700E+1	1.600E+1	1.800E+1	1.700E+1	1.300E+1	1.400E+1	1.700E+1	1.500E+1	1.100E+1	1.900E+1	2.300E+1	1.300E+1	1.400E+1	9.000E+0	1.700E+1	1.100E+1	1.100E+1	1.500E+1	2.000E+1	1.500E+1	1.300E+1	1.600E+1	1.500E+1	1.300E+1	1.200E+1	1.700E+1	1.400E+1	1.900E+1	1.700E+1	1.500E+1	1.700E+1	2.200E+1	2.500E+1	3.600E+1	3.700E+1	2.200E+1	2.900E+1	2.000E+1	2.300E+1	3.500E+1	1.400E+1	2.600E+1	1.300E+1	1.800E+1	2.200E+1	2.400E+1	2.100E+1	2.300E+1	2.400E+1	4.100E+1	1.700E+1	4.000E+1	3.200E+1	3.400E+1	1.800E+1	2.500E+1	2.300E+1	2.400E+1	8.000E+0	5.000E+0	1.100E+1	6.000E+0	2.000E+0	6.000E+0	6.000E+0	0.000E+0	0.000E+0	0.000E+0	0.000E+0	0.000E+0	0.000E+0	1.000E+0	0.000E+0	1.000E+0	0.000E+0	0.000E+0	1.000E+0	1.000E+0	0.000E+0	0.000E+0	0.000E+0	0.000E+0	1.000E+0	0.000E+0	1.000E+0	8.000E+0	3.200E+1	1.070E+2	4.770E+2	1.948E+3	6.678E+3	1.579E+4	2.666E+4	3.391E+4	3.401E+4	2.711E+4	1.669E+4	7.537E+3	2.533E+3	6.590E+2	1.740E+2	3.900E+1	4.000E+0	3.000E+0	3.000E+0	1.000E+0	0.000E+0	1.000E+0	0.000E+0	0.000E+0	0.000E+0	1.000E+0	0.000E+0	0.000E+0	0.000E+0	1.000E+0	0.000E+0	0.000E+0	0.000E+0	0.000E+0	0.000E+0	0.000E+0	0.000E+0	1.000E+0	0.000E+0	0.000E+0	0.000E+0	0.000E+0	0.000E+0	0.000E+0	0.000E+0	0.000E+0	0.000E+0	0.000E+0
0.000E+0	0.000E+0	0.000E+0	1.000E+0	0.000E+0	0.000E+0	0.000E+0	0.000E+0	0.000E+0	0.000E+0	1.000E+0	1.000E+0	0.000E+0	0.000E+0	1.000E+0	0.000E+0	0.000E+0	0.000E+0	0.000E+0	0.000E+0	0.000E+0	0.000E+0	0.000E+0	0.000E+0	0.000E+0	0.000E+0	0.000E+0	0.000E+0	0.000E+0	2.000E+0	1.000E+0	0.000E+0	0.000E+0	0.000E+0	0.000E+0	0.000E+0	0.000E+0	1.000E+0	0.000E+0	0.000E+0	2.000E+0	4.000E+0	1.000E+1	3.000E+0	7.000E+0	5.000E+0	1.000E+1	8.000E+0	9.000E+0	1.000E+1	1.000E+1	1.300E+1	1.400E+1	1.200E+1	1.500E+1	1.100E+1	1.300E+1	5.000E+0	1.400E+1	1.400E+1	1.300E+1	1.200E+1	8.000E+0	1.200E+1	9.000E+0	2.000E+1	1.300E+1	1.000E+1	1.700E+1	1.300E+1	1.000E+1	6.000E+0	1.400E+1	1.600E+1	1.100E+1	1.500E+1	1.600E+1	1.600E+1	1.500E+1	1.400E+1	1.300E+1	1.000E+1	1.000E+1	1.800E+1	2.200E+1	1.000E+1	1.100E+1	1.600E+1	1.500E+1	7.000E+0	1.200E+1	2.200E+1	1.400E+1	1.800E+1	1.600E+1	1.500E+1	2.300E+1	1.800E+1	1.900E+1	1.700E+1	2.500E+1	2.500E+1	1.700E+1	1.800E+1	2.500E+1	1.900E+1	1.600E+1	1.900E+1	2.100E+1	1.800E+1	1.400E+1	2.400E+1	2.000E+1	2.300E+1	2.600E+1	3.200E+1	1.800E+1	2.600E+1	2.400E+1	3.400E+1	2.100E+1	1.900E+1	2.800E+1	2.800E+1	1.500E+1	2.000E+0	9.000E+0	9.000E+0	8.000E+0	6.000E+0	7.000E+0	0.000E+0	0.000E+0	0.000E+0	0.000E+0	0.000E+0	0.000E+0	0.000E+0	0.000E+0	0.000E+0	0.000E+0	0.000E+0	0.000E+0	0.000E+0	0.000E+0	0.000E+0	0.000E+0	0.000E+0	0.000E+0	1.000E+0	0.000E+0	6.000E+0	2.500E+1	8.500E+1	4.580E+2	2.218E+3	7.020E+3	1.619E+4	2.757E+4	3.432E+4	3.382E+4	2.715E+4	1.705E+4	7.440E+3	2.562E+3	6.220E+2	1.550E+2	3.600E+1	1.200E+1	4.000E+0	0.000E+0	0.000E+0	0.000E+0	0.000E+0	0.000E+0	0.000E+0	0.000E+0	0.000E+0	0.000E+0	0.000E+0	0.000E+0	0.000E+0	0.000E+0	0.000E+0	0.000E+0	0.000E+0	0.000E+0	0.000E+0	0.000E+0	0.000E+0	1.000E+0	1.000E+0	0.000E+0	0.000E+0	0.000E+0	0.000E+0	0.000E+0	1.000E+0	0.000E+0	0.000E+0
2.000E+0	0.000E+0	1.000E+0	2.000E+0	0.000E+0	0.000E+0	1.000E+0	0.000E+0	1.000E+0	1.000E+0	0.000E+0	0.000E+0	0.000E+0	0.000E+0	0.000E+0	0.000E+0	0.000E+0	0.000E+0	0.000E+0	0.000E+0	0.000E+0	0.000E+0	0.000E+0	0.000E+0	0.000E+0	0.000E+0	0.000E+0	0.000E+0	0.000E+0	0.000E+0	0.000E+0	0.000E+0	0.000E+0	0.000E+0	0.000E+0	0.000E+0	1.000E+0	0.000E+0	0.000E+0	1.000E+0	3.000E+0	6.000E+0	7.000E+0	1.000E+0	8.000E+0	3.000E+0	3.000E+0	3.000E+0	5.000E+0	4.000E+0	4.000E+0	7.000E+0	5.000E+0	6.000E+0	1.100E+1	7.000E+0	8.000E+0	5.000E+0	1.100E+1	1.200E+1	1.100E+1	7.000E+0	7.000E+0	1.100E+1	1.400E+1	1.600E+1	8.000E+0	8.000E+0	1.600E+1	1.000E+1	1.300E+1	1.600E+1	8.000E+0	1.400E+1	1.500E+1	1.500E+1	1.600E+1	1.300E+1	1.400E+1	1.500E+1	1.700E+1	1.300E+1	1.900E+1	9.000E+0	1.500E+1	1.400E+1	1.000E+1	2.200E+1	2.400E+1	1.700E+1	1.400E+1	1.200E+1	1.200E+1	2.000E+1	1.600E+1	1.800E+1	1.800E+1	1.600E+1	2.200E+1	2.400E+1	3.800E+1	2.000E+1	1.600E+1	1.900E+1	1.900E+1	1.200E+1	1.900E+1	1.600E+1	1.900E+1	1.700E+1	1.800E+1	2.200E+1	1.600E+1	1.600E+1	2.100E+1	1.100E+1	2.500E+1	1.600E+1	1.700E+1	2.000E+1	2.000E+1	1.600E+1	1.200E+1	1.800E+1	5.000E+0	1.000E+0	4.000E+0	6.000E+0	3.000E+0	1.000E+0	6.000E+0	0.000E+0	0.000E+0	0.000E+0	0.000E+0	0.000E+0	0.000E+0	0.000E+0	1.000E+0	0.000E+0	0.000E+0	0.000E+0	0.000E+0	0.000E+0	1.000E+0	0.000E+0	0.000E+0	0.000E+0	0.000E+0	0.000E+0	2.000E+0	7.000E+0	2.200E+1	1.030E+2	4.420E+2	2.037E+3	6.526E+3	1.549E+4	2.658E+4	3.341E+4	3.321E+4	2.627E+4	1.617E+4	7.000E+3	2.483E+3	6.730E+2	1.690E+2	3.500E+1	1.300E+1	2.000E+0	1.000E+0	0.000E+0	0.000E+0	0.000E+0	0.000E+0	0.000E+0	0.000E+0	0.000E+0	0.000E+0	0.000E+0	0.000E+0	0.000E+0	0.000E+0	1.000E+0	0.000E+0	0.000E+0	0.000E+0	0.000E+0	0.000E+0	0.000E+0	1.000E+0	0.000E+0	0.000E+0	0.000E+0	1.000E+0	1.000E+0	0.000E+0	0.000E+0	0.000E+0	1.000E+0
0.000E+0	1.000E+0	0.000E+0	0.000E+0	0.000E+0	0.000E+0	0.000E+0	0.000E+0	0.000E+0	0.000E+0	1.000E+0	0.000E+0	0.000E+0	0.000E+0	0.000E+0	0.000E+0	0.000E+0	0.000E+0	1.000E+0	0.000E+0	0.000E+0	0.000E+0	0.000E+0	0.000E+0	0.000E+0	0.000E+0	0.000E+0	0.000E+0	0.000E+0	0.000E+0	0.000E+0	0.000E+0	0.000E+0	0.000E+0	0.000E+0	0.000E+0	0.000E+0	0.000E+0	0.000E+0	0.000E+0	3.000E+0	3.000E+0	3.000E+0	3.000E+0	2.000E+0	6.000E+0	5.000E+0	7.000E+0	6.000E+0	5.000E+0	1.100E+1	6.000E+0	5.000E+0	5.000E+0	5.000E+0	6.000E+0	6.000E+0	6.000E+0	1.000E+1	8.000E+0	8.000E+0	4.000E+0	9.000E+0	5.000E+0	3.000E+0	1.400E+1	9.000E+0	8.000E+0	1.000E+1	1.400E+1	5.000E+0	1.200E+1	1.000E+1	1.500E+1	1.000E+1	1.500E+1	1.800E+1	1.800E+1	1.000E+1	1.300E+1	1.300E+1	1.100E+1	2.000E+1	1.800E+1	1.700E+1	1.400E+1	1.200E+1	1.600E+1	1.400E+1	1.500E+1	1.400E+1	2.400E+1	1.500E+1	6.000E+0	1.700E+1	1.600E+1	1.900E+1	2.200E+1	2.800E+1	3.100E+1	2.900E+1	2.700E+1	2.100E+1	1.800E+1	2.700E+1	2.300E+1	2.300E+1	2.200E+1	1.800E+1	2.400E+1	2.100E+1	1.900E+1	1.800E+1	2.100E+1	1.400E+1	1.500E+1	2.000E+1	2.500E+1	1.600E+1	2.400E+1	1.300E+1	3.000E+1	2.500E+1	2.700E+1	1.000E+1	8.000E+0	7.000E+0	9.000E+0	6.000E+0	5.000E+0	3.000E+0	0.000E+0	0.000E+0	1.000E+0	0.000E+0	0.000E+0	0.000E+0	0.000E+0	0.000E+0	0.000E+0	0.000E+0	0.000E+0	0.000E+0	1.000E+0	0.000E+0	1.000E+0	0.000E+0	0.000E+0	0.000E+0	0.000E+0	2.000E+0	4.000E+0	2.500E+1	1.080E+2	4.660E+2	2.076E+3	6.648E+3	1.567E+4	2.708E+4	3.452E+4	3.417E+4	2.717E+4	1.692E+4	7.275E+3	2.360E+3	5.960E+2	1.480E+2	4.100E+1	3.000E+0	1.000E+0	0.000E+0	0.000E+0	0.000E+0	0.000E+0	0.000E+0	0.000E+0	0.000E+0	0.000E+0	0.000E+0	0.000E+0	0.000E+0	0.000E+0	0.000E+0	1.000E+0	0.000E+0	0.000E+0	0.000E+0	0.000E+0	2.000E+0	0.000E+0	1.000E+0	0.000E+0	1.000E+0	0.000E+0	0.000E+0	0.000E+0	0.000E+0	0.000E+0	0.000E+0	0.000E+0
0.000E+0	1.000E+0	1.000E+0	0.000E+0	1.000E+0	0.000E+0	0.000E+0	0.000E+0	0.000E+0	0.000E+0	0.000E+0	0.000E+0	0.000E+0	0.000E+0	1.000E+0	0.000E+0	0.000E+0	1.000E+0	0.000E+0	0.000E+0	0.000E+0	0.000E+0	0.000E+0	0.000E+0	1.000E+0	1.000E+0	0.000E+0	0.000E+0	1.000E+0	0.000E+0	0.000E+0	0.000E+0	0.000E+0	0.000E+0	0.000E+0	2.000E+0	0.000E+0	0.000E+0	0.000E+0	0.000E+0	2.000E+0	6.000E+0	5.000E+0	7.000E+0	2.000E+0	3.000E+0	7.000E+0	3.000E+0	6.000E+0	4.000E+0	1.300E+1	5.000E+0	1.500E+1	2.000E+0	9.000E+0	8.000E+0	5.000E+0	5.000E+0	7.000E+0	6.000E+0	4.000E+0	1.200E+1	6.000E+0	7.000E+0	8.000E+0	4.000E+0	8.000E+0	1.400E+1	7.000E+0	6.000E+0	1.900E+1	1.700E+1	1.500E+1	1.000E+1	1.100E+1	6.000E+0	1.000E+1	1.100E+1	9.000E+0	1.500E+1	8.000E+0	8.000E+0	1.700E+1	1.300E+1	1.700E+1	1.700E+1	1.800E+1	1.600E+1	1.400E+1	2.100E+1	9.000E+0	2.400E+1	1.100E+1	1.900E+1	2.300E+1	1.700E+1	2.400E+1	1.900E+1	2.300E+1	1.700E+1	2.800E+1	3.100E+1	2.800E+1	2.800E+1	2.000E+1	2.600E+1	2.100E+1	1.800E+1	2.600E+1	2.800E+1	1.900E+1	2.800E+1	1.700E+1	2.400E+1	2.300E+1	3.000E+1	1.100E+1	2.700E+1	2.400E+1	1.200E+1	2.500E+1	1.500E+1	2.300E+1	2.000E+1	4.000E+0	3.000E+0	3.000E+0	1.000E+0	1.000E+0	2.000E+0	5.000E+0	0.000E+0	0.000E+0	0.000E+0	0.000E+0	0.000E+0	1.000E+0	0.000E+0	0.000E+0	0.000E+0	0.000E+0	0.000E+0	1.000E+0	0.000E+0	0.000E+0	0.000E+0	0.000E+0	0.000E+0	1.000E+0	1.000E+0	2.000E+0	9.000E+0	2.900E+1	1.050E+2	3.950E+2	2.004E+3	6.818E+3	1.587E+4	2.661E+4	3.428E+4	3.457E+4	2.699E+4	1.637E+4	7.467E+3	2.539E+3	6.390E+2	1.460E+2	3.800E+1	6.000E+0	3.000E+0	1.000E+0	0.000E+0	0.000E+0	0.000E+0	0.000E+0	0.000E+0	0.000E+0	0.000E+0	0.000E+0	0.000E+0	0.000E+0	0.000E+0	0.000E+0	0.000E+0	0.000E+0	0.000E+0	0.000E+0	0.000E+0	1.000E+0	0.000E+0	0.000E+0	1.000E+0	0.000E+0	0.000E+0	0.000E+0	0.000E+0	0.000E+0	0.000E+0	1.000E+0	0.000E+0
0.000E+0	0.000E+0	0.000E+0	0.000E+0	0.000E+0	0.000E+0	0.000E+0	0.000E+0	0.000E+0	0.000E+0	1.000E+0	0.000E+0	0.000E+0	1.000E+0	1.000E+0	0.000E+0	0.000E+0	0.000E+0	0.000E+0	0.000E+0	1.000E+0	0.000E+0	0.000E+0	0.000E+0	0.000E+0	0.000E+0	0.000E+0	0.000E+0	0.000E+0	1.000E+0	0.000E+0	0.000E+0	0.000E+0	0.000E+0	0.000E+0	0.000E+0	0.000E+0	0.000E+0	0.000E+0	0.000E+0	3.000E+0	5.000E+0	3.000E+0	1.000E+1	7.000E+0	4.000E+0	6.000E+0	7.000E+0	3.000E+0	5.000E+0	6.000E+0	9.000E+0	5.000E+0	9.000E+0	9.000E+0	9.000E+0	6.000E+0	9.000E+0	7.000E+0	8.000E+0	1.000E+1	7.000E+0	1.100E+1	9.000E+0	7.000E+0	8.000E+0	4.000E+0	8.000E+0	3.000E+0	9.000E+0	1.100E+1	1.400E+1	1.300E+1	1.000E+1	1.300E+1	1.000E+1	1.300E+1	1.200E+1	1.300E+1	1.700E+1	1.400E+1	1.200E+1	1.200E+1	1.500E+1	1.200E+1	1.800E+1	8.000E+0	1.300E+1	2.600E+1	1.400E+1	1.700E+1	1.400E+1	2.000E+1	1.600E+1	2.300E+1	1.400E+1	2.000E+1	2.400E+1	3.800E+1	2.900E+1	1.900E+1	1.900E+1	2.400E+1	2.600E+1	2.000E+1	2.400E+1	2.300E+1	1.500E+1	2.000E+1	2.400E+1	2.400E+1	2.500E+1	2.500E+1	2.900E+1	2.300E+1	2.200E+1	2.000E+1	1.700E+1	1.900E+1	1.900E+1	1.900E+1	1.000E+1	2.100E+1	2.500E+1	1.000E+0	4.000E+0	6.000E+0	2.000E+0	3.000E+0	4.000E+0	4.000E+0	1.000E+0	0.000E+0	0.000E+0	0.000E+0	0.000E+0	0.000E+0	0.000E+0	0.000E+0	0.000E+0	0.000E+0	0.000E+0	0.000E+0	0.000E+0	0.000E+0	0.000E+0	0.000E+0	0.000E+0	0.000E+0	0.000E+0	2.000E+0	4.000E+0	3.900E+1	1.340E+2	5.090E+2	2.084E+3	6.897E+3	1.620E+4	2.701E+4	3.483E+4	3.431E+4	2.752E+4	1.670E+4	7.419E+3	2.509E+3	7.170E+2	2.260E+2	3.700E+1	1.000E+1	3.000E+0	2.000E+0	0.000E+0	0.000E+0	0.000E+0	0.000E+0	0.000E+0	0.000E+0	1.000E+0	0.000E+0	0.000E+0	0.000E+0	0.000E+0	0.000E+0	0.000E+0	0.000E+0	0.000E+0	0.000E+0	0.000E+0	0.000E+0	0.000E+0	0.000E+0	0.000E+0	0.000E+0	1.000E+0	1.000E+0	0.000E+0	0.000E+0	0.000E+0	0.000E+0	0.000E+0
0.000E+0	0.000E+0	0.000E+0	0.000E+0	0.000E+0	0.000E+0	0.000E+0	0.000E+0	0.000E+0	0.000E+0	1.000E+0	0.000E+0	0.000E+0	1.000E+0	0.000E+0	0.000E+0	0.000E+0	1.000E+0	0.000E+0	0.000E+0	0.000E+0	0.000E+0	0.000E+0	0.000E+0	0.000E+0	0.000E+0	0.000E+0	3.000E+0	0.000E+0	0.000E+0	1.000E+0	0.000E+0	0.000E+0	0.000E+0	0.000E+0	0.000E+0	0.000E+0	0.000E+0	1.000E+0	0.000E+0	0.000E+0	5.000E+0	5.000E+0	6.000E+0	7.000E+0	4.000E+0	2.000E+0	6.000E+0	2.000E+0	2.000E+0	6.000E+0	4.000E+0	1.100E+1	5.000E+0	9.000E+0	6.000E+0	6.000E+0	1.300E+1	1.100E+1	9.000E+0	9.000E+0	6.000E+0	9.000E+0	1.000E+1	9.000E+0	1.200E+1	1.600E+1	1.400E+1	1.900E+1	1.300E+1	1.800E+1	1.200E+1	1.000E+1	9.000E+0	1.500E+1	7.000E+0	9.000E+0	1.100E+1	8.000E+0	1.300E+1	1.600E+1	1.500E+1	1.600E+1	2.300E+1	1.600E+1	1.600E+1	1.300E+1	1.800E+1	1.700E+1	1.700E+1	1.400E+1	2.300E+1	2.600E+1	2.100E+1	2.300E+1	2.000E+1	2.500E+1	1.800E+1	2.100E+1	2.700E+1	3.600E+1	2.100E+1	3.300E+1	2.600E+1	3.000E+1	2.400E+1	2.900E+1	2.600E+1	2.500E+1	2.300E+1	1.600E+1	3.300E+1	2.000E+1	2.800E+1	1.600E+1	2.500E+1	1.200E+1	2.500E+1	1.900E+1	1.800E+1	2.100E+1	1.900E+1	1.400E+1	1.200E+1	6.000E+0	4.000E+0	3.000E+0	3.000E+0	4.000E+0	6.000E+0	5.000E+0	0.000E+0	0.000E+0	0.000E+0	0.000E+0	0.000E+0	0.000E+0	0.000E+0	0.000E+0	0.000E+0	0.000E+0	0.000E+0	0.000E+0	0.000E+0	0.000E+0	0.000E+0	0.000E+0	1.000E+0	0.000E+0	1.000E+0	2.000E+0	4.000E+0	2.900E+1	1.310E+2	4.720E+2	2.064E+3	6.808E+3	1.643E+4	2.683E+4	3.420E+4	3.403E+4	2.681E+4	1.661E+4	7.577E+3	2.569E+3	8.000E+2	1.920E+2	4.400E+1	1.500E+1	5.000E+0	0.000E+0	0.000E+0	1.000E+0	0.000E+0	0.000E+0	1.000E+0	0.000E+0	0.000E+0	0.000E+0	0.000E+0	0.000E+0	0.000E+0	0.000E+0	0.000E+0	1.000E+0	0.000E+0	0.000E+0	0.000E+0	0.000E+0	0.000E+0	0.000E+0	0.000E+0	0.000E+0	0.000E+0	2.000E+0	0.000E+0	0.000E+0	1.000E+0	0.000E+0	0.000E+0
0.000E+0	1.000E+0	0.000E+0	0.000E+0	0.000E+0	0.000E+0	0.000E+0	0.000E+0	0.000E+0	0.000E+0	0.000E+0	0.000E+0	0.000E+0	0.000E+0	0.000E+0	0.000E+0	0.000E+0	0.000E+0	0.000E+0	1.000E+0	0.000E+0	1.000E+0	1.000E+0	0.000E+0	0.000E+0	0.000E+0	0.000E+0	0.000E+0	0.000E+0	1.000E+0	1.000E+0	0.000E+0	0.000E+0	0.000E+0	0.000E+0	0.000E+0	3.000E+0	0.000E+0	0.000E+0	0.000E+0	1.000E+0	4.000E+0	6.000E+0	1.000E+0	3.000E+0	3.000E+0	1.000E+1	1.000E+1	3.000E+0	4.000E+0	9.000E+0	5.000E+0	7.000E+0	7.000E+0	4.000E+0	8.000E+0	5.000E+0	8.000E+0	9.000E+0	4.000E+0	3.000E+0	8.000E+0	1.300E+1	1.200E+1	5.000E+0	7.000E+0	6.000E+0	8.000E+0	5.000E+0	9.000E+0	1.600E+1	1.200E+1	1.000E+1	1.300E+1	1.200E+1	1.100E+1	2.000E+1	1.500E+1	1.300E+1	2.200E+1	1.400E+1	2.100E+1	1.400E+1	1.700E+1	6.000E+0	1.500E+1	1.000E+1	1.600E+1	1.100E+1	2.000E+1	2.000E+1	1.700E+1	2.600E+1	2.000E+1	2.500E+1	1.800E+1	3.200E+1	2.400E+1	3.000E+1	2.100E+1	3.300E+1	2.700E+1	2.900E+1	2.400E+1	2.500E+1	2.000E+1	2.600E+1	1.900E+1	2.600E+1	2.700E+1	2.000E+1	2.900E+1	2.700E+1	2.000E+1	1.700E+1	2.500E+1	2.600E+1	1.800E+1	1.700E+1	1.700E+1	1.800E+1	8.000E+0	1.900E+1	1.800E+1	7.000E+0	4.000E+0	5.000E+0	2.000E+0	5.000E+0	1.000E+0	1.000E+0	1.000E+0	0.000E+0	0.000E+0	0.000E+0	0.000E+0	0.000E+0	0.000E+0	0.000E+0	0.000E+0	2.000E+0	0.000E+0	0.000E+0	0.000E+0	0.000E+0	0.000E+0	0.000E+0	0.000E+0	0.000E+0	0.000E+0	0.000E+0	6.000E+0	2.100E+1	1.040E+2	4.840E+2	1.978E+3	6.733E+3	1.639E+4	2.723E+4	3.440E+4	3.425E+4	2.752E+4	1.689E+4	7.262E+3	2.456E+3	7.520E+2	2.010E+2	6.100E+1	1.600E+1	4.000E+0	0.000E+0	1.000E+0	0.000E+0	0.000E+0	0.000E+0	0.000E+0	0.000E+0	0.000E+0	1.000E+0	0.000E+0	0.000E+0	0.000E+0	0.000E+0	0.000E+0	0.000E+0	0.000E+0	0.000E+0	0.000E+0	0.000E+0	0.000E+0	0.000E+0	0.000E+0	1.000E+0	0.000E+0	1.000E+0	0.000E+0	0.000E+0	0.000E+0	0.000E+0	0.000E+0
0.000E+0	0.000E+0	0.000E+0	0.000E+0	0.000E+0	0.000E+0	0.000E+0	1.000E+0	0.000E+0	1.000E+0	2.000E+0	0.000E+0	0.000E+0	1.000E+0	0.000E+0	0.000E+0	0.000E+0	0.000E+0	0.000E+0	0.000E+0	0.000E+0	0.000E+0	0.000E+0	0.000E+0	0.000E+0	0.000E+0	0.000E+0	0.000E+0	0.000E+0	0.000E+0	0.000E+0	0.000E+0	0.000E+0	0.000E+0	1.000E+0	0.000E+0	0.000E+0	0.000E+0	0.000E+0	0.000E+0	2.000E+0	3.000E+0	2.000E+0	6.000E+0	3.000E+0	0.000E+0	7.000E+0	3.000E+0	6.000E+0	1.000E+0	7.000E+0	8.000E+0	1.000E+1	6.000E+0	1.200E+1	1.200E+1	5.000E+0	9.000E+0	8.000E+0	6.000E+0	1.300E+1	1.100E+1	8.000E+0	5.000E+0	1.700E+1	5.000E+0	1.100E+1	1.300E+1	1.100E+1	8.000E+0	7.000E+0	2.000E+1	1.400E+1	1.000E+1	1.200E+1	7.000E+0	1.000E+1	1.200E+1	2.200E+1	1.700E+1	1.600E+1	1.300E+1	8.000E+0	1.200E+1	1.400E+1	2.100E+1	1.800E+1	1.800E+1	2.000E+1	2.800E+1	1.900E+1	2.100E+1	1.900E+1	2.500E+1	2.000E+1	1.500E+1	2.800E+1	2.200E+1	1.800E+1	2.500E+1	3.600E+1	2.600E+1	2.000E+1	3.000E+1	2.400E+1	1.900E+1	2.500E+1	2.600E+1	1.900E+1	2.400E+1	1.400E+1	2.100E+1	2.300E+1	2.100E+1	2.600E+1	2.700E+1	1.500E+1	1.600E+1	2.300E+1	1.700E+1	1.900E+1	1.900E+1	2.000E+1	2.000E+1	6.000E+0	9.000E+0	3.000E+0	4.000E+0	6.000E+0	2.000E+0	4.000E+0	0.000E+0	0.000E+0	2.000E+0	0.000E+0	0.000E+0	0.000E+0	1.000E+0	0.000E+0	0.000E+0	0.000E+0	0.000E+0	0.000E+0	1.000E+0	0.000E+0	0.000E+0	0.000E+0	0.000E+0	0.000E+0	0.000E+0	2.000E+0	7.000E+0	2.000E+1	1.210E+2	4.750E+2	2.156E+3	7.008E+3	1.566E+4	2.608E+4	3.338E+4	3.247E+4	2.583E+4	1.616E+4	7.673E+3	2.590E+3	8.750E+2	2.210E+2	6.600E+1	1.400E+1	3.000E+0	2.000E+0	0.000E+0	0.000E+0	1.000E+0	0.000E+0	0.000E+0	0.000E+0	0.000E+0	0.000E+0	0.000E+0	1.000E+0	0.000E+0	0.000E+0	0.000E+0	1.000E+0	0.000E+0	0.000E+0	0.000E+0	0.000E+0	1.000E+0	1.000E+0	0.000E+0	0.000E+0	0.000E+0	0.000E+0	0.000E+0	0.000E+0	0.000E+0	0.000E+0	0.000E+0
1.000E+0	0.000E+0	0.000E+0	0.000E+0	0.000E+0	0.000E+0	0.000E+0	0.000E+0	0.000E+0	0.000E+0	1.000E+0	0.000E+0	0.000E+0	0.000E+0	0.000E+0	0.000E+0	0.000E+0	0.000E+0	0.000E+0	2.000E+0	0.000E+0	0.000E+0	0.000E+0	0.000E+0	0.000E+0	0.000E+0	0.000E+0	0.000E+0	0.000E+0	0.000E+0	0.000E+0	0.000E+0	0.000E+0	0.000E+0	0.000E+0	1.000E+0	0.000E+0	0.000E+0	0.000E+0	3.000E+0	1.000E+0	3.000E+0	4.000E+0	8.000E+0	4.000E+0	4.000E+0	6.000E+0	7.000E+0	4.000E+0	7.000E+0	3.000E+0	7.000E+0	6.000E+0	4.000E+0	6.000E+0	6.000E+0	8.000E+0	1.000E+0	1.100E+1	1.000E+1	8.000E+0	1.000E+1	1.300E+1	1.200E+1	4.000E+0	6.000E+0	1.000E+1	9.000E+0	1.400E+1	1.200E+1	8.000E+0	7.000E+0	1.200E+1	1.500E+1	5.000E+0	1.100E+1	1.900E+1	6.000E+0	1.300E+1	1.800E+1	1.200E+1	9.000E+0	8.000E+0	1.100E+1	1.300E+1	1.900E+1	2.300E+1	1.500E+1	2.000E+1	1.900E+1	1.500E+1	2.700E+1	2.300E+1	1.900E+1	2.400E+1	1.900E+1	2.100E+1	2.400E+1	2.700E+1	3.700E+1	3.500E+1	2.100E+1	3.300E+1	2.100E+1	2.100E+1	1.100E+1	3.600E+1	3.000E+1	2.900E+1	2.900E+1	1.600E+1	2.500E+1	2.400E+1	3.500E+1	3.100E+1	2.300E+1	2.300E+1	1.900E+1	1.500E+1	1.100E+1	1.300E+1	1.500E+1	1.400E+1	1.200E+1	8.000E+0	4.000E+0	4.000E+0	5.000E+0	9.000E+0	5.000E+0	4.000E+0	0.000E+0	0.000E+0	0.000E+0	0.000E+0	0.000E+0	0.000E+0	0.000E+0	0.000E+0	0.000E+0	0.000E+0	0.000E+0	0.000E+0	0.000E+0	0.000E+0	0.000E+0	1.000E+0	0.000E+0	0.000E+0	2.000E+0	1.000E+0	7.000E+0	3.000E+1	1.150E+2	5.060E+2	2.079E+3	7.118E+3	1.650E+4	2.717E+4	3.436E+4	3.463E+4	2.680E+4	1.679E+4	8.086E+3	2.946E+3	8.980E+2	1.680E+2	2.300E+1	1.700E+1	3.000E+0	0.000E+0	1.000E+0	0.000E+0	0.000E+0	0.000E+0	0.000E+0	0.000E+0	0.000E+0	0.000E+0	1.000E+0	0.000E+0	1.000E+0	1.000E+0	0.000E+0	0.000E+0	1.000E+0	0.000E+0	0.000E+0	0.000E+0	0.000E+0	1.000E+0	0.000E+0	0.000E+0	1.000E+0	0.000E+0	0.000E+0	0.000E+0	1.000E+0	1.000E+0	0.000E+0
0.000E+0	1.000E+0	0.000E+0	1.000E+0	0.000E+0	0.000E+0	0.000E+0	0.000E+0	0.000E+0	0.000E+0	0.000E+0	0.000E+0	0.000E+0	0.000E+0	0.000E+0	0.000E+0	0.000E+0	0.000E+0	0.000E+0	0.000E+0	0.000E+0	0.000E+0	1.000E+0	0.000E+0	0.000E+0	0.000E+0	0.000E+0	0.000E+0	0.000E+0	0.000E+0	0.000E+0	0.000E+0	0.000E+0	0.000E+0	0.000E+0	0.000E+0	0.000E+0	1.000E+0	0.000E+0	0.000E+0	2.000E+0	8.000E+0	3.000E+0	5.000E+0	2.000E+0	8.000E+0	6.000E+0	6.000E+0	6.000E+0	8.000E+0	2.000E+0	1.400E+1	6.000E+0	7.000E+0	6.000E+0	5.000E+0	1.300E+1	8.000E+0	8.000E+0	1.100E+1	1.000E+1	1.200E+1	1.000E+1	1.000E+1	1.100E+1	1.500E+1	5.000E+0	6.000E+0	7.000E+0	9.000E+0	1.500E+1	1.300E+1	8.000E+0	9.000E+0	1.100E+1	1.500E+1	1.900E+1	1.900E+1	1.500E+1	1.700E+1	1.100E+1	1.900E+1	1.900E+1	1.600E+1	1.600E+1	2.500E+1	2.000E+1	1.600E+1	2.400E+1	2.000E+1	1.600E+1	1.900E+1	2.600E+1	3.200E+1	2.200E+1	2.300E+1	1.900E+1	3.500E+1	3.400E+1	3.000E+1	3.500E+1	3.100E+1	2.600E+1	3.500E+1	2.200E+1	3.300E+1	3.200E+1	2.200E+1	2.100E+1	2.800E+1	2.000E+1	2.100E+1	2.700E+1	2.200E+1	2.600E+1	2.400E+1	2.100E+1	1.600E+1	1.900E+1	1.800E+1	1.900E+1	1.200E+1	1.700E+1	2.500E+1	6.000E+0	0.000E+0	4.000E+0	3.000E+0	6.000E+0	3.000E+0	3.000E+0	0.000E+0	1.000E+0	0.000E+0	0.000E+0	0.000E+0	0.000E+0	0.000E+0	0.000E+0	0.000E+0	0.000E+0	0.000E+0	0.000E+0	0.000E+0	2.000E+0	0.000E+0	0.000E+0	0.000E+0	0.000E+0	0.000E+0	2.000E+0	7.000E+0	3.000E+1	1.130E+2	4.340E+2	2.037E+3	6.782E+3	1.646E+4	2.821E+4	3.560E+4	3.494E+4	2.769E+4	1.682E+4	7.632E+3	2.614E+3	7.220E+2	1.610E+2	3.800E+1	1.100E+1	4.000E+0	2.000E+0	0.000E+0	0.000E+0	0.000E+0	1.000E+0	0.000E+0	0.000E+0	0.000E+0	0.000E+0	0.000E+0	0.000E+0	0.000E+0	0.000E+0	0.000E+0	0.000E+0	0.000E+0	0.000E+0	0.000E+0	0.000E+0	0.000E+0	0.000E+0	0.000E+0	0.000E+0	0.000E+0	1.000E+0	0.000E+0	1.000E+0	1.000E+0	0.000E+0	0.000E+0
