# data file: O:\Labs\Laser-Lab 7-105a\BLS\BLS Data\2017-06-02\NRCL\2017-06-02_M2_const4p0GHz_0dBm_kepco_-0p35to0p15_both_pos_F3.tha
# data: TFPDAS4-Project - COUNTS ACC
# x axis: Kepco_XPS - Control Voltage Kepco
# y axis: Frequency
# x offset/multiplier: -3.500000E-1 / 1.000000E-2
# y offset/multiplier: -1.200000E+1 / 7.500000E-2
# Agilent_E8257D - FREQUENCY (Hz) - repetition: sum
# Kepco_XPS - Control Voltage Kepco - repetition: sum
# MICROSCOPE - ScanDimension_1 - repetition: sum
# Agilent_E8257D - FREQUENCY (Hz) - value: 4.000000E+9
# Kepco_XPS - Control Voltage Kepco - value: -3.500000E-1
# MICROSCOPE - ScanDimension_1 - value: 2.000000E+0
# Frequency between: -1.200000E+1 and 2.925000E+0 GHz
0.000E+0	0.000E+0	0.000E+0	0.000E+0	1.000E+0	0.000E+0	0.000E+0	1.000E+0	0.000E+0	0.000E+0	0.000E+0	1.000E+0	0.000E+0	1.000E+0	0.000E+0	0.000E+0	0.000E+0	0.000E+0	0.000E+0	0.000E+0	0.000E+0	0.000E+0	0.000E+0	0.000E+0	0.000E+0	0.000E+0	0.000E+0	0.000E+0	0.000E+0	0.000E+0	0.000E+0	0.000E+0	0.000E+0	0.000E+0	1.000E+0	0.000E+0	0.000E+0	0.000E+0	1.000E+0	2.000E+0	6.000E+0	7.000E+0	9.000E+0	9.000E+0	1.400E+1	3.000E+0	1.300E+1	1.000E+1	1.100E+1	9.000E+0	7.000E+0	9.000E+0	9.000E+0	1.400E+1	1.200E+1	1.100E+1	1.600E+1	9.000E+0	1.000E+1	9.000E+0	1.700E+1	1.400E+1	1.600E+1	1.600E+1	1.000E+1	1.200E+1	1.700E+1	1.600E+1	9.000E+0	1.600E+1	1.900E+1	1.200E+1	1.700E+1	1.100E+1	1.600E+1	2.000E+1	1.500E+1	2.100E+1	1.400E+1	1.400E+1	2.300E+1	1.900E+1	2.300E+1	1.500E+1	1.800E+1	2.500E+1	1.900E+1	2.100E+1	1.900E+1	1.800E+1	2.400E+1	2.300E+1	1.900E+1	2.900E+1	2.300E+1	3.700E+1	4.400E+1	5.500E+1	7.200E+1	1.020E+2	9.700E+1	6.600E+1	5.800E+1	2.800E+1	2.300E+1	1.500E+1	1.500E+1	1.000E+1	1.000E+1	5.000E+0	6.000E+0	2.000E+0	7.000E+0	5.000E+0	1.000E+0	2.000E+0	5.000E+0	3.000E+0	8.000E+0	3.000E+0	8.000E+0	2.000E+0	1.000E+0	8.000E+0	1.000E+0	1.000E+0	2.000E+0	3.000E+0	2.000E+0	3.000E+0	1.000E+0	0.000E+0	1.000E+0	0.000E+0	0.000E+0	0.000E+0	0.000E+0	0.000E+0	0.000E+0	1.000E+0	1.000E+0	1.000E+0	2.000E+0	0.000E+0	0.000E+0	1.000E+0	0.000E+0	0.000E+0	0.000E+0	2.000E+0	3.000E+0	8.000E+0	3.000E+1	9.000E+1	4.220E+2	1.972E+3	7.036E+3	1.565E+4	2.587E+4	3.290E+4	3.240E+4	2.576E+4	1.595E+4	7.379E+3	2.544E+3	6.270E+2	1.330E+2	2.600E+1	1.400E+1	5.000E+0	2.000E+0	0.000E+0	1.000E+0	0.000E+0	0.000E+0	0.000E+0	0.000E+0	0.000E+0	1.000E+0	0.000E+0	0.000E+0	0.000E+0	0.000E+0	0.000E+0	0.000E+0	0.000E+0	0.000E+0	0.000E+0	0.000E+0	0.000E+0	0.000E+0	1.000E+0	0.000E+0	0.000E+0	0.000E+0	0.000E+0	0.000E+0	1.000E+0	0.000E+0	1.000E+0
0.000E+0	0.000E+0	0.000E+0	1.000E+0	0.000E+0	0.000E+0	0.000E+0	0.000E+0	0.000E+0	0.000E+0	0.000E+0	0.000E+0	0.000E+0	0.000E+0	0.000E+0	0.000E+0	0.000E+0	0.000E+0	0.000E+0	0.000E+0	0.000E+0	0.000E+0	0.000E+0	0.000E+0	0.000E+0	1.000E+0	0.000E+0	1.000E+0	0.000E+0	0.000E+0	1.000E+0	0.000E+0	0.000E+0	1.000E+0	0.000E+0	0.000E+0	0.000E+0	0.000E+0	0.000E+0	1.000E+0	7.000E+0	4.000E+0	6.000E+0	5.000E+0	9.000E+0	7.000E+0	1.100E+1	1.200E+1	9.000E+0	7.000E+0	1.200E+1	1.200E+1	3.000E+0	1.400E+1	7.000E+0	8.000E+0	9.000E+0	1.100E+1	6.000E+0	1.500E+1	8.000E+0	1.500E+1	1.400E+1	1.300E+1	1.500E+1	1.800E+1	1.500E+1	9.000E+0	7.000E+0	1.800E+1	1.400E+1	1.100E+1	1.500E+1	1.900E+1	1.300E+1	6.000E+0	1.400E+1	1.500E+1	1.200E+1	1.500E+1	1.800E+1	2.300E+1	1.800E+1	2.200E+1	2.500E+1	2.200E+1	2.100E+1	2.000E+1	2.400E+1	1.800E+1	2.600E+1	2.200E+1	2.700E+1	2.200E+1	2.000E+1	2.800E+1	2.100E+1	4.600E+1	6.400E+1	8.600E+1	1.060E+2	7.600E+1	6.000E+1	4.100E+1	1.900E+1	1.600E+1	1.700E+1	1.600E+1	8.000E+0	1.300E+1	5.000E+0	3.000E+0	1.200E+1	5.000E+0	5.000E+0	3.000E+0	5.000E+0	3.000E+0	5.000E+0	6.000E+0	7.000E+0	7.000E+0	7.000E+0	4.000E+0	1.000E+0	1.000E+0	2.000E+0	3.000E+0	0.000E+0	1.000E+0	3.000E+0	1.000E+0	0.000E+0	1.000E+0	0.000E+0	1.000E+0	0.000E+0	0.000E+0	0.000E+0	0.000E+0	0.000E+0	0.000E+0	0.000E+0	0.000E+0	0.000E+0	0.000E+0	0.000E+0	0.000E+0	0.000E+0	2.000E+0	2.000E+0	7.000E+0	2.400E+1	1.120E+2	4.180E+2	1.855E+3	6.363E+3	1.553E+4	2.620E+4	3.287E+4	3.258E+4	2.609E+4	1.658E+4	7.691E+3	2.629E+3	7.470E+2	1.800E+2	3.500E+1	1.200E+1	2.000E+0	0.000E+0	0.000E+0	0.000E+0	0.000E+0	0.000E+0	0.000E+0	0.000E+0	0.000E+0	1.000E+0	0.000E+0	0.000E+0	1.000E+0	2.000E+0	0.000E+0	0.000E+0	0.000E+0	1.000E+0	0.000E+0	1.000E+0	0.000E+0	0.000E+0	0.000E+0	1.000E+0	0.000E+0	0.000E+0	0.000E+0	0.000E+0	0.000E+0	0.000E+0	0.000E+0
0.000E+0	0.000E+0	1.000E+0	0.000E+0	0.000E+0	0.000E+0	0.000E+0	0.000E+0	0.000E+0	1.000E+0	1.000E+0	0.000E+0	0.000E+0	1.000E+0	0.000E+0	0.000E+0	0.000E+0	0.000E+0	0.000E+0	0.000E+0	1.000E+0	0.000E+0	0.000E+0	1.000E+0	0.000E+0	0.000E+0	0.000E+0	0.000E+0	0.000E+0	1.000E+0	1.000E+0	1.000E+0	0.000E+0	0.000E+0	0.000E+0	0.000E+0	0.000E+0	1.000E+0	0.000E+0	1.000E+0	2.000E+0	9.000E+0	4.000E+0	1.200E+1	5.000E+0	1.300E+1	9.000E+0	1.100E+1	9.000E+0	7.000E+0	8.000E+0	1.000E+1	1.000E+1	1.500E+1	1.100E+1	8.000E+0	8.000E+0	1.100E+1	1.200E+1	1.200E+1	1.200E+1	1.100E+1	1.400E+1	1.400E+1	1.200E+1	1.500E+1	7.000E+0	1.000E+1	9.000E+0	8.000E+0	2.500E+1	2.000E+1	1.100E+1	1.700E+1	1.200E+1	2.000E+1	1.900E+1	1.500E+1	1.900E+1	2.500E+1	2.200E+1	2.200E+1	2.000E+1	1.200E+1	2.400E+1	1.900E+1	1.800E+1	1.700E+1	1.800E+1	2.700E+1	2.000E+1	1.700E+1	2.000E+1	2.800E+1	2.700E+1	3.300E+1	2.800E+1	4.700E+1	4.100E+1	7.300E+1	7.700E+1	5.800E+1	5.100E+1	5.700E+1	2.600E+1	2.400E+1	1.600E+1	1.600E+1	8.000E+0	1.100E+1	5.000E+0	4.000E+0	6.000E+0	6.000E+0	4.000E+0	6.000E+0	2.000E+0	4.000E+0	4.000E+0	3.000E+0	8.000E+0	3.000E+0	9.000E+0	4.000E+0	3.000E+0	0.000E+0	3.000E+0	3.000E+0	3.000E+0	4.000E+0	2.000E+0	0.000E+0	0.000E+0	1.000E+0	0.000E+0	0.000E+0	0.000E+0	0.000E+0	0.000E+0	0.000E+0	0.000E+0	0.000E+0	0.000E+0	0.000E+0	0.000E+0	0.000E+0	1.000E+0	0.000E+0	0.000E+0	0.000E+0	3.000E+0	6.000E+0	3.200E+1	1.170E+2	5.590E+2	2.205E+3	6.669E+3	1.521E+4	2.481E+4	3.109E+4	3.085E+4	2.529E+4	1.621E+4	7.480E+3	2.804E+3	8.300E+2	1.960E+2	2.900E+1	1.600E+1	4.000E+0	0.000E+0	0.000E+0	0.000E+0	0.000E+0	0.000E+0	0.000E+0	0.000E+0	0.000E+0	0.000E+0	0.000E+0	0.000E+0	0.000E+0	2.000E+0	1.000E+0	1.000E+0	2.000E+0	0.000E+0	0.000E+0	0.000E+0	0.000E+0	0.000E+0	0.000E+0	0.000E+0	0.000E+0	0.000E+0	0.000E+0	0.000E+0	0.000E+0	0.000E+0	0.000E+0
0.000E+0	0.000E+0	0.000E+0	0.000E+0	0.000E+0	0.000E+0	0.000E+0	1.000E+0	0.000E+0	1.000E+0	0.000E+0	0.000E+0	0.000E+0	0.000E+0	0.000E+0	0.000E+0	0.000E+0	0.000E+0	0.000E+0	0.000E+0	0.000E+0	1.000E+0	0.000E+0	0.000E+0	0.000E+0	0.000E+0	1.000E+0	1.000E+0	1.000E+0	0.000E+0	0.000E+0	0.000E+0	0.000E+0	0.000E+0	0.000E+0	0.000E+0	0.000E+0	1.000E+0	0.000E+0	1.000E+0	3.000E+0	4.000E+0	7.000E+0	1.000E+1	9.000E+0	7.000E+0	1.400E+1	9.000E+0	1.100E+1	8.000E+0	1.000E+1	1.600E+1	1.200E+1	1.300E+1	5.000E+0	1.200E+1	8.000E+0	1.300E+1	7.000E+0	1.300E+1	9.000E+0	1.300E+1	1.400E+1	2.400E+1	2.300E+1	1.100E+1	1.000E+1	1.300E+1	1.600E+1	2.300E+1	1.500E+1	1.400E+1	1.400E+1	1.700E+1	1.300E+1	1.700E+1	1.700E+1	2.600E+1	2.300E+1	2.000E+1	1.400E+1	1.200E+1	2.100E+1	1.700E+1	1.700E+1	1.500E+1	1.800E+1	2.300E+1	1.600E+1	2.800E+1	1.900E+1	2.200E+1	2.500E+1	2.400E+1	1.600E+1	1.400E+1	3.500E+1	2.600E+1	4.500E+1	5.700E+1	7.000E+1	8.300E+1	4.200E+1	4.300E+1	3.600E+1	3.400E+1	2.000E+1	1.500E+1	1.400E+1	1.300E+1	8.000E+0	8.000E+0	6.000E+0	5.000E+0	3.000E+0	5.000E+0	7.000E+0	6.000E+0	3.000E+0	6.000E+0	6.000E+0	6.000E+0	6.000E+0	5.000E+0	1.000E+0	4.000E+0	1.000E+0	2.000E+0	3.000E+0	4.000E+0	3.000E+0	1.000E+0	0.000E+0	0.000E+0	0.000E+0	0.000E+0	1.000E+0	0.000E+0	0.000E+0	0.000E+0	0.000E+0	0.000E+0	1.000E+0	0.000E+0	0.000E+0	0.000E+0	0.000E+0	0.000E+0	1.000E+0	1.000E+0	2.000E+0	7.000E+0	1.900E+1	1.120E+2	4.580E+2	1.884E+3	6.578E+3	1.547E+4	2.572E+4	3.317E+4	3.304E+4	2.612E+4	1.585E+4	7.079E+3	2.419E+3	6.970E+2	1.510E+2	2.500E+1	1.100E+1	5.000E+0	1.000E+0	1.000E+0	0.000E+0	0.000E+0	0.000E+0	0.000E+0	0.000E+0	0.000E+0	0.000E+0	0.000E+0	0.000E+0	1.000E+0	0.000E+0	0.000E+0	1.000E+0	1.000E+0	0.000E+0	0.000E+0	0.000E+0	0.000E+0	0.000E+0	0.000E+0	0.000E+0	0.000E+0	0.000E+0	2.000E+0	0.000E+0	0.000E+0	0.000E+0	0.000E+0
0.000E+0	0.000E+0	0.000E+0	0.000E+0	0.000E+0	0.000E+0	0.000E+0	0.000E+0	1.000E+0	0.000E+0	0.000E+0	1.000E+0	0.000E+0	0.000E+0	0.000E+0	0.000E+0	0.000E+0	1.000E+0	0.000E+0	0.000E+0	0.000E+0	0.000E+0	0.000E+0	1.000E+0	0.000E+0	0.000E+0	0.000E+0	0.000E+0	0.000E+0	0.000E+0	0.000E+0	0.000E+0	1.000E+0	0.000E+0	0.000E+0	0.000E+0	0.000E+0	1.000E+0	0.000E+0	1.000E+0	2.000E+0	5.000E+0	1.100E+1	8.000E+0	1.200E+1	8.000E+0	5.000E+0	1.000E+1	1.100E+1	5.000E+0	1.400E+1	9.000E+0	1.300E+1	6.000E+0	5.000E+0	1.400E+1	8.000E+0	1.000E+1	1.400E+1	9.000E+0	1.200E+1	1.000E+1	1.100E+1	8.000E+0	1.000E+1	1.600E+1	1.100E+1	1.100E+1	1.300E+1	1.300E+1	1.800E+1	1.200E+1	1.400E+1	7.000E+0	1.100E+1	1.500E+1	1.600E+1	2.100E+1	1.800E+1	1.700E+1	1.600E+1	1.700E+1	1.800E+1	2.000E+1	1.300E+1	2.800E+1	1.300E+1	1.300E+1	2.500E+1	2.200E+1	2.300E+1	2.800E+1	2.900E+1	3.200E+1	2.700E+1	3.300E+1	2.400E+1	3.300E+1	4.100E+1	4.500E+1	6.100E+1	5.700E+1	5.400E+1	5.000E+1	4.500E+1	2.300E+1	2.600E+1	2.100E+1	2.900E+1	1.500E+1	1.400E+1	1.400E+1	2.000E+0	1.000E+1	7.000E+0	4.000E+0	8.000E+0	5.000E+0	7.000E+0	4.000E+0	2.000E+0	5.000E+0	6.000E+0	6.000E+0	1.000E+0	3.000E+0	2.000E+0	1.000E+0	1.000E+0	2.000E+0	3.000E+0	0.000E+0	0.000E+0	0.000E+0	0.000E+0	0.000E+0	0.000E+0	0.000E+0	0.000E+0	0.000E+0	0.000E+0	0.000E+0	0.000E+0	0.000E+0	0.000E+0	0.000E+0	0.000E+0	0.000E+0	0.000E+0	1.000E+0	1.000E+0	5.000E+0	1.800E+1	1.040E+2	4.370E+2	1.920E+3	6.527E+3	1.558E+4	2.579E+4	3.329E+4	3.227E+4	2.536E+4	1.568E+4	7.454E+3	2.654E+3	7.250E+2	1.800E+2	4.700E+1	8.000E+0	2.000E+0	1.000E+0	0.000E+0	0.000E+0	0.000E+0	0.000E+0	0.000E+0	0.000E+0	1.000E+0	1.000E+0	0.000E+0	0.000E+0	0.000E+0	0.000E+0	0.000E+0	0.000E+0	0.000E+0	1.000E+0	1.000E+0	0.000E+0	1.000E+0	0.000E+0	0.000E+0	1.000E+0	0.000E+0	0.000E+0	0.000E+0	0.000E+0	0.000E+0	0.000E+0	0.000E+0
0.000E+0	0.000E+0	0.000E+0	1.000E+0	1.000E+0	0.000E+0	0.000E+0	0.000E+0	0.000E+0	1.000E+0	0.000E+0	0.000E+0	0.000E+0	1.000E+0	0.000E+0	0.000E+0	0.000E+0	0.000E+0	1.000E+0	0.000E+0	0.000E+0	0.000E+0	1.000E+0	0.000E+0	0.000E+0	0.000E+0	0.000E+0	0.000E+0	0.000E+0	0.000E+0	0.000E+0	0.000E+0	0.000E+0	0.000E+0	0.000E+0	1.000E+0	2.000E+0	0.000E+0	0.000E+0	0.000E+0	3.000E+0	7.000E+0	1.000E+1	3.000E+0	6.000E+0	6.000E+0	4.000E+0	6.000E+0	1.100E+1	8.000E+0	1.700E+1	7.000E+0	8.000E+0	1.000E+1	1.400E+1	1.500E+1	1.000E+1	1.500E+1	6.000E+0	1.600E+1	2.000E+1	1.500E+1	1.900E+1	1.500E+1	7.000E+0	9.000E+0	1.700E+1	1.700E+1	1.600E+1	1.800E+1	1.100E+1	1.500E+1	2.100E+1	1.800E+1	1.800E+1	1.300E+1	1.200E+1	1.600E+1	1.300E+1	2.200E+1	1.600E+1	1.100E+1	1.800E+1	2.100E+1	2.500E+1	1.900E+1	2.800E+1	1.700E+1	1.700E+1	1.800E+1	2.300E+1	1.900E+1	1.200E+1	3.300E+1	3.100E+1	2.300E+1	2.700E+1	2.500E+1	4.200E+1	3.300E+1	5.700E+1	5.900E+1	4.800E+1	4.400E+1	4.100E+1	5.300E+1	3.200E+1	2.700E+1	1.800E+1	2.300E+1	1.700E+1	1.200E+1	1.400E+1	7.000E+0	9.000E+0	9.000E+0	6.000E+0	5.000E+0	5.000E+0	4.000E+0	8.000E+0	6.000E+0	8.000E+0	6.000E+0	2.000E+0	1.000E+0	0.000E+0	1.000E+0	3.000E+0	1.000E+0	0.000E+0	0.000E+0	2.000E+0	1.000E+0	0.000E+0	0.000E+0	0.000E+0	0.000E+0	1.000E+0	0.000E+0	0.000E+0	1.000E+0	0.000E+0	0.000E+0	0.000E+0	1.000E+0	1.000E+0	0.000E+0	0.000E+0	0.000E+0	3.000E+0	8.000E+0	2.100E+1	7.700E+1	4.080E+2	2.027E+3	7.150E+3	1.634E+4	2.695E+4	3.329E+4	3.292E+4	2.688E+4	1.698E+4	7.845E+3	2.854E+3	8.380E+2	1.840E+2	4.000E+1	5.000E+0	1.000E+0	2.000E+0	0.000E+0	0.000E+0	0.000E+0	0.000E+0	0.000E+0	1.000E+0	0.000E+0	0.000E+0	0.000E+0	0.000E+0	0.000E+0	0.000E+0	0.000E+0	1.000E+0	0.000E+0	0.000E+0	0.000E+0	0.000E+0	0.000E+0	0.000E+0	0.000E+0	0.000E+0	0.000E+0	0.000E+0	0.000E+0	0.000E+0	0.000E+0	1.000E+0	1.000E+0
0.000E+0	0.000E+0	0.000E+0	0.000E+0	1.000E+0	0.000E+0	0.000E+0	0.000E+0	0.000E+0	1.000E+0	0.000E+0	0.000E+0	0.000E+0	0.000E+0	0.000E+0	0.000E+0	0.000E+0	0.000E+0	0.000E+0	0.000E+0	0.000E+0	0.000E+0	0.000E+0	0.000E+0	0.000E+0	0.000E+0	0.000E+0	0.000E+0	0.000E+0	0.000E+0	0.000E+0	0.000E+0	1.000E+0	0.000E+0	0.000E+0	0.000E+0	0.000E+0	0.000E+0	0.000E+0	0.000E+0	5.000E+0	4.000E+0	8.000E+0	5.000E+0	9.000E+0	6.000E+0	7.000E+0	9.000E+0	6.000E+0	1.600E+1	3.000E+0	1.200E+1	1.200E+1	1.000E+1	6.000E+0	1.300E+1	1.100E+1	9.000E+0	1.200E+1	1.100E+1	1.600E+1	1.600E+1	1.300E+1	2.300E+1	1.400E+1	1.700E+1	9.000E+0	1.200E+1	2.600E+1	1.200E+1	1.200E+1	1.700E+1	1.200E+1	1.700E+1	1.000E+1	1.600E+1	1.300E+1	2.500E+1	1.500E+1	2.100E+1	1.900E+1	2.600E+1	1.800E+1	2.100E+1	1.700E+1	1.800E+1	2.000E+1	2.500E+1	1.900E+1	2.100E+1	2.000E+1	1.500E+1	2.800E+1	1.800E+1	2.000E+1	3.200E+1	2.400E+1	3.300E+1	2.800E+1	3.800E+1	5.000E+1	4.200E+1	5.700E+1	3.800E+1	3.900E+1	3.800E+1	3.900E+1	3.900E+1	3.000E+1	2.400E+1	1.400E+1	1.400E+1	9.000E+0	9.000E+0	9.000E+0	5.000E+0	2.000E+0	6.000E+0	7.000E+0	5.000E+0	8.000E+0	1.000E+1	9.000E+0	7.000E+0	2.000E+0	1.000E+0	1.000E+0	1.000E+0	1.000E+0	6.000E+0	1.000E+0	0.000E+0	0.000E+0	0.000E+0	0.000E+0	0.000E+0	1.000E+0	0.000E+0	0.000E+0	0.000E+0	0.000E+0	0.000E+0	0.000E+0	0.000E+0	0.000E+0	1.000E+0	0.000E+0	0.000E+0	0.000E+0	0.000E+0	0.000E+0	4.000E+0	2.100E+1	1.240E+2	6.020E+2	2.083E+3	6.272E+3	1.559E+4	2.712E+4	3.453E+4	3.346E+4	2.717E+4	1.695E+4	7.496E+3	2.463E+3	6.910E+2	1.860E+2	3.600E+1	1.700E+1	2.000E+0	2.000E+0	1.000E+0	0.000E+0	0.000E+0	0.000E+0	0.000E+0	0.000E+0	0.000E+0	0.000E+0	0.000E+0	1.000E+0	0.000E+0	0.000E+0	0.000E+0	0.000E+0	0.000E+0	0.000E+0	0.000E+0	0.000E+0	0.000E+0	0.000E+0	1.000E+0	0.000E+0	0.000E+0	1.000E+0	0.000E+0	0.000E+0	0.000E+0	1.000E+0	0.000E+0
0.000E+0	0.000E+0	0.000E+0	0.000E+0	0.000E+0	0.000E+0	0.000E+0	1.000E+0	0.000E+0	0.000E+0	0.000E+0	1.000E+0	0.000E+0	0.000E+0	0.000E+0	0.000E+0	0.000E+0	0.000E+0	0.000E+0	1.000E+0	0.000E+0	0.000E+0	0.000E+0	0.000E+0	0.000E+0	1.000E+0	1.000E+0	0.000E+0	1.000E+0	0.000E+0	0.000E+0	0.000E+0	2.000E+0	0.000E+0	1.000E+0	0.000E+0	1.000E+0	0.000E+0	0.000E+0	1.000E+0	2.000E+0	4.000E+0	9.000E+0	1.300E+1	7.000E+0	1.100E+1	1.000E+1	1.000E+1	7.000E+0	1.300E+1	1.000E+1	1.100E+1	1.300E+1	1.100E+1	6.000E+0	7.000E+0	1.400E+1	2.000E+1	1.200E+1	7.000E+0	1.200E+1	1.200E+1	1.700E+1	1.200E+1	1.300E+1	6.000E+0	1.700E+1	1.700E+1	1.700E+1	1.700E+1	1.000E+1	1.900E+1	1.600E+1	1.600E+1	9.000E+0	1.700E+1	1.900E+1	8.000E+0	2.400E+1	1.500E+1	1.100E+1	1.400E+1	1.600E+1	1.100E+1	2.000E+1	2.000E+1	1.900E+1	2.200E+1	1.600E+1	1.800E+1	1.500E+1	2.000E+1	2.100E+1	1.600E+1	2.000E+1	1.800E+1	1.900E+1	2.000E+1	2.500E+1	2.900E+1	3.200E+1	3.900E+1	3.800E+1	4.400E+1	3.700E+1	4.400E+1	3.900E+1	4.000E+1	3.800E+1	2.800E+1	2.000E+1	2.000E+1	1.700E+1	7.000E+0	5.000E+0	9.000E+0	9.000E+0	6.000E+0	1.000E+1	6.000E+0	1.000E+1	8.000E+0	3.000E+0	8.000E+0	1.000E+0	1.000E+0	5.000E+0	3.000E+0	2.000E+0	4.000E+0	2.000E+0	0.000E+0	0.000E+0	0.000E+0	1.000E+0	0.000E+0	0.000E+0	0.000E+0	0.000E+0	0.000E+0	0.000E+0	0.000E+0	0.000E+0	0.000E+0	0.000E+0	0.000E+0	0.000E+0	0.000E+0	0.000E+0	1.000E+0	1.000E+0	1.000E+1	2.300E+1	1.170E+2	5.190E+2	2.176E+3	6.983E+3	1.564E+4	2.632E+4	3.379E+4	3.368E+4	2.644E+4	1.639E+4	7.661E+3	2.584E+3	7.870E+2	1.950E+2	3.700E+1	1.300E+1	4.000E+0	0.000E+0	1.000E+0	0.000E+0	0.000E+0	0.000E+0	0.000E+0	1.000E+0	0.000E+0	0.000E+0	0.000E+0	0.000E+0	0.000E+0	0.000E+0	0.000E+0	0.000E+0	0.000E+0	0.000E+0	0.000E+0	0.000E+0	0.000E+0	0.000E+0	0.000E+0	0.000E+0	0.000E+0	0.000E+0	0.000E+0	0.000E+0	0.000E+0	1.000E+0	0.000E+0
0.000E+0	0.000E+0	0.000E+0	0.000E+0	0.000E+0	0.000E+0	0.000E+0	0.000E+0	0.000E+0	0.000E+0	0.000E+0	0.000E+0	0.000E+0	0.000E+0	0.000E+0	0.000E+0	0.000E+0	0.000E+0	0.000E+0	0.000E+0	0.000E+0	0.000E+0	1.000E+0	0.000E+0	0.000E+0	0.000E+0	0.000E+0	0.000E+0	0.000E+0	0.000E+0	0.000E+0	0.000E+0	0.000E+0	0.000E+0	0.000E+0	0.000E+0	0.000E+0	0.000E+0	0.000E+0	0.000E+0	3.000E+0	3.000E+0	8.000E+0	9.000E+0	7.000E+0	1.300E+1	7.000E+0	1.000E+1	1.000E+1	1.200E+1	1.100E+1	5.000E+0	1.100E+1	6.000E+0	1.600E+1	1.100E+1	7.000E+0	1.300E+1	1.500E+1	1.000E+1	1.100E+1	1.100E+1	1.000E+1	1.200E+1	1.400E+1	8.000E+0	1.100E+1	1.500E+1	1.400E+1	1.300E+1	1.700E+1	1.100E+1	1.400E+1	1.100E+1	1.000E+1	2.100E+1	1.100E+1	1.800E+1	1.700E+1	1.500E+1	1.500E+1	1.900E+1	2.000E+1	2.500E+1	2.200E+1	2.100E+1	8.000E+0	2.200E+1	1.400E+1	2.600E+1	1.200E+1	2.400E+1	1.600E+1	2.300E+1	1.600E+1	1.800E+1	2.300E+1	1.500E+1	2.500E+1	2.200E+1	3.000E+1	3.900E+1	2.600E+1	5.500E+1	3.000E+1	3.300E+1	4.700E+1	4.600E+1	4.000E+1	4.500E+1	3.100E+1	2.000E+1	2.300E+1	1.500E+1	1.100E+1	8.000E+0	9.000E+0	8.000E+0	4.000E+0	9.000E+0	6.000E+0	4.000E+0	9.000E+0	5.000E+0	1.000E+0	2.000E+0	2.000E+0	0.000E+0	1.000E+0	4.000E+0	1.000E+0	0.000E+0	0.000E+0	0.000E+0	0.000E+0	0.000E+0	0.000E+0	0.000E+0	1.000E+0	0.000E+0	0.000E+0	0.000E+0	0.000E+0	0.000E+0	0.000E+0	1.000E+0	0.000E+0	0.000E+0	1.000E+0	3.000E+0	4.000E+0	8.000E+0	2.400E+1	1.220E+2	4.440E+2	1.910E+3	6.316E+3	1.515E+4	2.630E+4	3.320E+4	3.239E+4	2.566E+4	1.622E+4	7.310E+3	2.553E+3	7.720E+2	2.070E+2	3.300E+1	8.000E+0	2.000E+0	0.000E+0	0.000E+0	0.000E+0	0.000E+0	1.000E+0	0.000E+0	0.000E+0	0.000E+0	0.000E+0	1.000E+0	1.000E+0	1.000E+0	0.000E+0	0.000E+0	0.000E+0	1.000E+0	1.000E+0	0.000E+0	0.000E+0	0.000E+0	0.000E+0	0.000E+0	0.000E+0	0.000E+0	0.000E+0	0.000E+0	0.000E+0	0.000E+0	0.000E+0	2.000E+0
0.000E+0	1.000E+0	1.000E+0	1.000E+0	0.000E+0	1.000E+0	0.000E+0	0.000E+0	0.000E+0	0.000E+0	0.000E+0	0.000E+0	0.000E+0	0.000E+0	0.000E+0	0.000E+0	0.000E+0	0.000E+0	0.000E+0	0.000E+0	2.000E+0	0.000E+0	0.000E+0	2.000E+0	1.000E+0	0.000E+0	0.000E+0	0.000E+0	0.000E+0	1.000E+0	0.000E+0	0.000E+0	0.000E+0	0.000E+0	1.000E+0	0.000E+0	0.000E+0	0.000E+0	0.000E+0	0.000E+0	4.000E+0	7.000E+0	6.000E+0	5.000E+0	9.000E+0	1.200E+1	8.000E+0	7.000E+0	1.000E+1	6.000E+0	7.000E+0	1.000E+1	7.000E+0	4.000E+0	7.000E+0	8.000E+0	8.000E+0	1.100E+1	1.400E+1	1.100E+1	1.400E+1	1.400E+1	1.000E+1	1.000E+1	1.100E+1	1.200E+1	1.300E+1	1.300E+1	1.500E+1	1.200E+1	1.400E+1	1.000E+1	1.400E+1	1.500E+1	1.300E+1	1.200E+1	1.500E+1	1.500E+1	1.600E+1	7.000E+0	1.100E+1	2.000E+1	1.100E+1	1.700E+1	1.300E+1	1.700E+1	1.300E+1	2.000E+1	1.800E+1	1.500E+1	1.100E+1	1.600E+1	1.400E+1	1.100E+1	1.800E+1	2.700E+1	2.200E+1	1.700E+1	1.700E+1	3.300E+1	2.800E+1	2.400E+1	2.800E+1	3.800E+1	2.200E+1	3.600E+1	3.300E+1	3.700E+1	3.900E+1	3.400E+1	4.300E+1	2.900E+1	2.400E+1	1.100E+1	9.000E+0	1.000E+1	1.200E+1	7.000E+0	8.000E+0	5.000E+0	5.000E+0	1.000E+1	5.000E+0	7.000E+0	1.000E+0	1.000E+0	0.000E+0	1.000E+0	1.000E+0	3.000E+0	0.000E+0	0.000E+0	0.000E+0	0.000E+0	0.000E+0	0.000E+0	1.000E+0	0.000E+0	0.000E+0	0.000E+0	1.000E+0	0.000E+0	0.000E+0	1.000E+0	0.000E+0	0.000E+0	0.000E+0	0.000E+0	0.000E+0	0.000E+0	4.000E+0	5.000E+0	2.500E+1	8.500E+1	3.660E+2	1.690E+3	6.001E+3	1.502E+4	2.566E+4	3.137E+4	3.065E+4	2.453E+4	1.547E+4	7.208E+3	2.638E+3	7.380E+2	2.040E+2	4.500E+1	1.200E+1	2.000E+0	1.000E+0	1.000E+0	0.000E+0	1.000E+0	0.000E+0	0.000E+0	0.000E+0	0.000E+0	0.000E+0	0.000E+0	0.000E+0	1.000E+0	1.000E+0	0.000E+0	0.000E+0	0.000E+0	0.000E+0	0.000E+0	0.000E+0	1.000E+0	1.000E+0	0.000E+0	0.000E+0	0.000E+0	0.000E+0	0.000E+0	0.000E+0	0.000E+0	0.000E+0	0.000E+0
0.000E+0	0.000E+0	0.000E+0	0.000E+0	0.000E+0	0.000E+0	0.000E+0	0.000E+0	1.000E+0	0.000E+0	0.000E+0	0.000E+0	0.000E+0	0.000E+0	0.000E+0	0.000E+0	0.000E+0	0.000E+0	0.000E+0	0.000E+0	1.000E+0	0.000E+0	0.000E+0	0.000E+0	0.000E+0	0.000E+0	0.000E+0	0.000E+0	0.000E+0	1.000E+0	2.000E+0	0.000E+0	0.000E+0	0.000E+0	0.000E+0	0.000E+0	0.000E+0	0.000E+0	1.000E+0	0.000E+0	2.000E+0	7.000E+0	7.000E+0	1.000E+1	6.000E+0	4.000E+0	7.000E+0	5.000E+0	1.400E+1	6.000E+0	8.000E+0	8.000E+0	1.100E+1	1.000E+1	1.100E+1	1.100E+1	1.000E+1	1.300E+1	1.300E+1	1.500E+1	7.000E+0	9.000E+0	8.000E+0	1.000E+1	1.200E+1	1.200E+1	1.400E+1	2.000E+1	5.000E+0	1.200E+1	1.600E+1	1.200E+1	1.300E+1	1.400E+1	2.200E+1	1.900E+1	1.500E+1	2.300E+1	1.200E+1	2.200E+1	2.200E+1	2.000E+1	1.700E+1	1.300E+1	1.900E+1	1.400E+1	2.100E+1	1.600E+1	2.000E+1	2.500E+1	1.500E+1	2.500E+1	2.600E+1	2.200E+1	2.200E+1	2.300E+1	2.300E+1	1.800E+1	2.800E+1	2.900E+1	3.100E+1	3.100E+1	2.500E+1	3.100E+1	2.100E+1	2.900E+1	2.900E+1	3.400E+1	3.200E+1	4.400E+1	3.900E+1	2.400E+1	3.200E+1	1.900E+1	3.400E+1	1.700E+1	1.300E+1	6.000E+0	7.000E+0	1.000E+1	1.100E+1	4.000E+0	1.200E+1	9.000E+0	1.000E+0	2.000E+0	8.000E+0	1.000E+0	3.000E+0	2.000E+0	3.000E+0	0.000E+0	0.000E+0	0.000E+0	0.000E+0	2.000E+0	1.000E+0	0.000E+0	0.000E+0	0.000E+0	0.000E+0	0.000E+0	0.000E+0	0.000E+0	0.000E+0	0.000E+0	0.000E+0	0.000E+0	0.000E+0	0.000E+0	1.000E+0	6.000E+0	2.300E+1	1.030E+2	4.150E+2	1.757E+3	6.217E+3	1.565E+4	2.619E+4	3.337E+4	3.348E+4	2.663E+4	1.613E+4	7.017E+3	2.573E+3	7.780E+2	1.950E+2	4.200E+1	1.100E+1	4.000E+0	0.000E+0	1.000E+0	0.000E+0	0.000E+0	0.000E+0	0.000E+0	0.000E+0	0.000E+0	0.000E+0	2.000E+0	1.000E+0	0.000E+0	0.000E+0	0.000E+0	0.000E+0	0.000E+0	1.000E+0	0.000E+0	1.000E+0	1.000E+0	1.000E+0	0.000E+0	1.000E+0	0.000E+0	0.000E+0	0.000E+0	0.000E+0	0.000E+0	0.000E+0	1.000E+0
0.000E+0	0.000E+0	0.000E+0	0.000E+0	1.000E+0	0.000E+0	0.000E+0	1.000E+0	1.000E+0	0.000E+0	0.000E+0	0.000E+0	0.000E+0	0.000E+0	1.000E+0	0.000E+0	0.000E+0	0.000E+0	1.000E+0	2.000E+0	1.000E+0	0.000E+0	0.000E+0	0.000E+0	0.000E+0	2.000E+0	0.000E+0	0.000E+0	0.000E+0	0.000E+0	0.000E+0	0.000E+0	1.000E+0	1.000E+0	0.000E+0	0.000E+0	0.000E+0	0.000E+0	0.000E+0	2.000E+0	7.000E+0	8.000E+0	8.000E+0	7.000E+0	6.000E+0	8.000E+0	7.000E+0	9.000E+0	9.000E+0	6.000E+0	5.000E+0	1.100E+1	7.000E+0	1.300E+1	8.000E+0	1.400E+1	1.500E+1	5.000E+0	1.400E+1	9.000E+0	1.200E+1	1.300E+1	1.400E+1	1.200E+1	8.000E+0	1.800E+1	5.000E+0	6.000E+0	1.500E+1	1.300E+1	1.100E+1	1.600E+1	1.500E+1	1.600E+1	1.400E+1	8.000E+0	1.700E+1	1.700E+1	2.100E+1	1.000E+1	1.500E+1	1.700E+1	1.300E+1	1.900E+1	1.700E+1	1.100E+1	1.400E+1	7.000E+0	1.500E+1	1.600E+1	1.500E+1	1.500E+1	1.700E+1	2.600E+1	2.200E+1	1.700E+1	2.400E+1	2.500E+1	3.100E+1	3.000E+1	2.800E+1	2.400E+1	2.900E+1	4.300E+1	2.600E+1	3.300E+1	2.100E+1	3.700E+1	3.400E+1	4.500E+1	4.000E+1	4.400E+1	4.100E+1	3.000E+1	3.000E+1	2.200E+1	1.500E+1	1.100E+1	8.000E+0	1.200E+1	1.200E+1	7.000E+0	7.000E+0	9.000E+0	8.000E+0	1.000E+0	3.000E+0	4.000E+0	2.000E+0	5.000E+0	4.000E+0	1.000E+0	0.000E+0	0.000E+0	0.000E+0	0.000E+0	0.000E+0	0.000E+0	0.000E+0	0.000E+0	0.000E+0	1.000E+0	0.000E+0	0.000E+0	0.000E+0	2.000E+0	0.000E+0	0.000E+0	0.000E+0	0.000E+0	2.000E+0	1.300E+1	2.500E+1	1.280E+2	4.930E+2	2.152E+3	6.921E+3	1.595E+4	2.657E+4	3.371E+4	3.361E+4	2.638E+4	1.633E+4	7.529E+3	2.540E+3	6.740E+2	1.580E+2	4.800E+1	1.700E+1	3.000E+0	1.000E+0	0.000E+0	0.000E+0	0.000E+0	1.000E+0	0.000E+0	0.000E+0	0.000E+0	0.000E+0	0.000E+0	0.000E+0	0.000E+0	0.000E+0	0.000E+0	0.000E+0	0.000E+0	1.000E+0	0.000E+0	0.000E+0	0.000E+0	0.000E+0	0.000E+0	1.000E+0	0.000E+0	0.000E+0	1.000E+0	1.000E+0	1.000E+0	0.000E+0	0.000E+0
0.000E+0	1.000E+0	0.000E+0	1.000E+0	1.000E+0	0.000E+0	1.000E+0	0.000E+0	0.000E+0	1.000E+0	0.000E+0	0.000E+0	0.000E+0	1.000E+0	0.000E+0	0.000E+0	0.000E+0	0.000E+0	0.000E+0	0.000E+0	0.000E+0	0.000E+0	0.000E+0	1.000E+0	1.000E+0	0.000E+0	0.000E+0	1.000E+0	0.000E+0	0.000E+0	0.000E+0	0.000E+0	0.000E+0	0.000E+0	0.000E+0	2.000E+0	0.000E+0	0.000E+0	0.000E+0	0.000E+0	2.000E+0	9.000E+0	1.000E+0	1.000E+1	9.000E+0	8.000E+0	4.000E+0	9.000E+0	7.000E+0	6.000E+0	1.200E+1	8.000E+0	1.200E+1	4.000E+0	1.800E+1	9.000E+0	1.200E+1	1.400E+1	1.100E+1	1.200E+1	9.000E+0	1.400E+1	1.400E+1	1.200E+1	1.500E+1	1.700E+1	2.100E+1	1.500E+1	9.000E+0	2.500E+1	1.700E+1	1.900E+1	1.900E+1	1.500E+1	1.100E+1	1.500E+1	1.000E+1	9.000E+0	1.900E+1	1.900E+1	2.000E+1	1.000E+1	2.200E+1	1.800E+1	1.600E+1	1.700E+1	1.700E+1	1.800E+1	2.200E+1	2.300E+1	1.000E+1	1.400E+1	2.000E+1	1.300E+1	1.200E+1	2.500E+1	2.000E+1	2.300E+1	2.700E+1	1.900E+1	3.000E+1	2.900E+1	1.800E+1	2.500E+1	2.300E+1	2.100E+1	3.100E+1	3.100E+1	3.800E+1	4.300E+1	3.800E+1	4.100E+1	5.200E+1	3.600E+1	2.800E+1	2.500E+1	2.100E+1	1.300E+1	8.000E+0	9.000E+0	1.200E+1	1.400E+1	1.300E+1	7.000E+0	2.000E+0	5.000E+0	1.000E+0	2.000E+0	3.000E+0	2.000E+0	2.000E+0	0.000E+0	1.000E+0	0.000E+0	0.000E+0	0.000E+0	1.000E+0	0.000E+0	0.000E+0	0.000E+0	0.000E+0	1.000E+0	0.000E+0	1.000E+0	0.000E+0	0.000E+0	0.000E+0	0.000E+0	0.000E+0	1.000E+0	4.000E+0	6.000E+0	2.900E+1	1.040E+2	4.070E+2	1.921E+3	7.051E+3	1.614E+4	2.694E+4	3.335E+4	3.307E+4	2.629E+4	1.640E+4	7.514E+3	2.738E+3	7.530E+2	1.660E+2	3.900E+1	1.200E+1	3.000E+0	2.000E+0	0.000E+0	0.000E+0	0.000E+0	0.000E+0	0.000E+0	0.000E+0	1.000E+0	0.000E+0	0.000E+0	0.000E+0	0.000E+0	0.000E+0	0.000E+0	0.000E+0	0.000E+0	0.000E+0	0.000E+0	0.000E+0	0.000E+0	0.000E+0	0.000E+0	0.000E+0	0.000E+0	0.000E+0	0.000E+0	0.000E+0	0.000E+0	0.000E+0	0.000E+0
0.000E+0	1.000E+0	0.000E+0	0.000E+0	0.000E+0	0.000E+0	0.000E+0	0.000E+0	0.000E+0	0.000E+0	0.000E+0	0.000E+0	0.000E+0	0.000E+0	1.000E+0	1.000E+0	0.000E+0	0.000E+0	0.000E+0	0.000E+0	0.000E+0	1.000E+0	0.000E+0	0.000E+0	0.000E+0	0.000E+0	0.000E+0	0.000E+0	0.000E+0	0.000E+0	0.000E+0	1.000E+0	1.000E+0	0.000E+0	0.000E+0	0.000E+0	2.000E+0	0.000E+0	0.000E+0	0.000E+0	1.000E+0	4.000E+0	1.100E+1	7.000E+0	3.000E+0	3.000E+0	9.000E+0	1.000E+1	4.000E+0	1.200E+1	1.100E+1	1.300E+1	6.000E+0	1.100E+1	1.000E+1	1.400E+1	7.000E+0	9.000E+0	2.000E+1	1.000E+1	1.200E+1	1.300E+1	1.100E+1	1.600E+1	1.300E+1	9.000E+0	1.100E+1	1.400E+1	9.000E+0	1.000E+1	1.300E+1	1.000E+1	1.200E+1	1.400E+1	1.600E+1	1.400E+1	2.000E+1	1.600E+1	1.300E+1	1.500E+1	1.400E+1	1.200E+1	1.300E+1	1.800E+1	1.700E+1	1.900E+1	9.000E+0	1.600E+1	2.200E+1	1.500E+1	1.400E+1	2.000E+1	1.000E+1	2.100E+1	1.300E+1	3.100E+1	2.400E+1	3.200E+1	2.700E+1	1.800E+1	2.100E+1	2.800E+1	1.600E+1	2.400E+1	2.200E+1	1.400E+1	2.700E+1	2.400E+1	2.500E+1	3.000E+1	3.900E+1	3.600E+1	3.500E+1	5.100E+1	4.100E+1	3.100E+1	2.500E+1	1.400E+1	1.700E+1	1.500E+1	1.200E+1	1.000E+1	1.200E+1	6.000E+0	2.000E+0	6.000E+0	2.000E+0	3.000E+0	0.000E+0	2.000E+0	2.000E+0	0.000E+0	1.000E+0	0.000E+0	0.000E+0	0.000E+0	0.000E+0	0.000E+0	0.000E+0	0.000E+0	0.000E+0	0.000E+0	0.000E+0	0.000E+0	0.000E+0	0.000E+0	0.000E+0	0.000E+0	0.000E+0	0.000E+0	2.000E+0	6.000E+0	2.100E+1	1.020E+2	4.560E+2	1.964E+3	6.027E+3	1.494E+4	2.640E+4	3.375E+4	3.308E+4	2.625E+4	1.632E+4	7.141E+3	2.408E+3	6.130E+2	1.620E+2	4.500E+1	1.100E+1	3.000E+0	1.000E+0	0.000E+0	0.000E+0	0.000E+0	0.000E+0	0.000E+0	0.000E+0	0.000E+0	0.000E+0	0.000E+0	0.000E+0	0.000E+0	0.000E+0	0.000E+0	0.000E+0	0.000E+0	0.000E+0	0.000E+0	1.000E+0	0.000E+0	0.000E+0	0.000E+0	0.000E+0	0.000E+0	0.000E+0	0.000E+0	0.000E+0	0.000E+0	1.000E+0	0.000E+0
0.000E+0	0.000E+0	0.000E+0	0.000E+0	0.000E+0	0.000E+0	0.000E+0	1.000E+0	0.000E+0	0.000E+0	0.000E+0	0.000E+0	0.000E+0	0.000E+0	0.000E+0	0.000E+0	0.000E+0	0.000E+0	0.000E+0	0.000E+0	0.000E+0	0.000E+0	1.000E+0	1.000E+0	0.000E+0	0.000E+0	0.000E+0	1.000E+0	0.000E+0	0.000E+0	1.000E+0	0.000E+0	0.000E+0	0.000E+0	0.000E+0	0.000E+0	0.000E+0	0.000E+0	0.000E+0	1.000E+0	4.000E+0	9.000E+0	8.000E+0	1.000E+1	7.000E+0	1.100E+1	8.000E+0	3.000E+0	6.000E+0	1.100E+1	6.000E+0	1.200E+1	6.000E+0	7.000E+0	2.000E+0	1.000E+1	7.000E+0	1.000E+1	6.000E+0	7.000E+0	1.000E+1	7.000E+0	5.000E+0	1.800E+1	1.300E+1	1.700E+1	1.500E+1	1.600E+1	1.700E+1	2.000E+1	1.800E+1	1.400E+1	1.600E+1	1.000E+1	1.800E+1	1.400E+1	1.400E+1	2.500E+1	1.100E+1	1.800E+1	9.000E+0	1.600E+1	1.300E+1	1.100E+1	8.000E+0	2.100E+1	1.200E+1	1.700E+1	3.000E+1	2.000E+1	2.600E+1	1.000E+1	1.600E+1	1.500E+1	1.200E+1	1.600E+1	2.600E+1	1.600E+1	1.600E+1	2.100E+1	1.600E+1	2.300E+1	2.900E+1	2.600E+1	2.000E+1	2.000E+1	3.500E+1	2.700E+1	2.400E+1	3.100E+1	3.700E+1	4.600E+1	5.200E+1	4.500E+1	4.800E+1	3.100E+1	2.700E+1	1.500E+1	1.700E+1	1.000E+1	1.100E+1	1.200E+1	1.000E+1	9.000E+0	3.000E+0	2.000E+0	3.000E+0	2.000E+0	2.000E+0	2.000E+0	4.000E+0	0.000E+0	0.000E+0	0.000E+0	0.000E+0	0.000E+0	0.000E+0	0.000E+0	0.000E+0	0.000E+0	0.000E+0	0.000E+0	0.000E+0	0.000E+0	0.000E+0	0.000E+0	0.000E+0	0.000E+0	0.000E+0	0.000E+0	1.000E+0	4.000E+0	3.400E+1	1.220E+2	4.830E+2	1.978E+3	6.540E+3	1.600E+4	2.651E+4	3.310E+4	3.258E+4	2.632E+4	1.627E+4	6.958E+3	2.347E+3	6.380E+2	1.700E+2	4.700E+1	1.000E+1	6.000E+0	2.000E+0	0.000E+0	0.000E+0	0.000E+0	0.000E+0	0.000E+0	0.000E+0	0.000E+0	1.000E+0	0.000E+0	0.000E+0	0.000E+0	0.000E+0	0.000E+0	0.000E+0	0.000E+0	0.000E+0	0.000E+0	0.000E+0	0.000E+0	0.000E+0	0.000E+0	0.000E+0	1.000E+0	0.000E+0	0.000E+0	0.000E+0	0.000E+0	0.000E+0	0.000E+0
0.000E+0	0.000E+0	0.000E+0	0.000E+0	0.000E+0	0.000E+0	0.000E+0	0.000E+0	0.000E+0	0.000E+0	0.000E+0	0.000E+0	0.000E+0	0.000E+0	0.000E+0	1.000E+0	0.000E+0	0.000E+0	0.000E+0	0.000E+0	0.000E+0	0.000E+0	0.000E+0	0.000E+0	1.000E+0	0.000E+0	0.000E+0	0.000E+0	0.000E+0	0.000E+0	0.000E+0	0.000E+0	0.000E+0	0.000E+0	0.000E+0	0.000E+0	0.000E+0	0.000E+0	0.000E+0	2.000E+0	0.000E+0	6.000E+0	1.000E+1	1.000E+1	9.000E+0	7.000E+0	7.000E+0	1.000E+1	5.000E+0	7.000E+0	1.000E+1	8.000E+0	1.000E+1	7.000E+0	5.000E+0	1.400E+1	9.000E+0	1.000E+1	5.000E+0	1.100E+1	1.300E+1	9.000E+0	7.000E+0	1.000E+1	7.000E+0	7.000E+0	1.000E+1	1.300E+1	1.600E+1	1.100E+1	1.300E+1	1.400E+1	1.000E+1	9.000E+0	1.400E+1	1.600E+1	2.700E+1	1.500E+1	1.300E+1	1.700E+1	1.100E+1	1.100E+1	1.400E+1	1.200E+1	2.600E+1	1.100E+1	2.200E+1	1.500E+1	1.100E+1	1.500E+1	1.500E+1	1.500E+1	1.300E+1	1.800E+1	1.900E+1	2.600E+1	1.700E+1	2.800E+1	1.400E+1	3.200E+1	2.400E+1	2.800E+1	2.500E+1	2.100E+1	3.000E+1	2.900E+1	2.300E+1	1.300E+1	3.200E+1	1.700E+1	4.500E+1	4.200E+1	3.400E+1	4.000E+1	4.100E+1	3.900E+1	4.800E+1	2.600E+1	3.000E+1	2.200E+1	1.600E+1	1.900E+1	1.200E+1	6.000E+0	4.000E+0	2.000E+0	2.000E+0	1.000E+0	6.000E+0	7.000E+0	4.000E+0	0.000E+0	0.000E+0	0.000E+0	0.000E+0	0.000E+0	0.000E+0	0.000E+0	0.000E+0	0.000E+0	0.000E+0	0.000E+0	0.000E+0	0.000E+0	0.000E+0	0.000E+0	0.000E+0	0.000E+0	0.000E+0	0.000E+0	0.000E+0	3.000E+0	1.700E+1	8.400E+1	4.060E+2	1.918E+3	6.463E+3	1.579E+4	2.669E+4	3.353E+4	3.330E+4	2.613E+4	1.591E+4	7.177E+3	2.534E+3	6.840E+2	1.820E+2	5.100E+1	1.600E+1	2.000E+0	1.000E+0	0.000E+0	0.000E+0	0.000E+0	0.000E+0	0.000E+0	0.000E+0	1.000E+0	0.000E+0	0.000E+0	0.000E+0	0.000E+0	0.000E+0	0.000E+0	0.000E+0	0.000E+0	0.000E+0	0.000E+0	0.000E+0	0.000E+0	1.000E+0	0.000E+0	0.000E+0	0.000E+0	1.000E+0	0.000E+0	1.000E+0	0.000E+0	0.000E+0	0.000E+0
0.000E+0	0.000E+0	0.000E+0	0.000E+0	1.000E+0	0.000E+0	0.000E+0	0.000E+0	0.000E+0	0.000E+0	1.000E+0	0.000E+0	0.000E+0	0.000E+0	1.000E+0	0.000E+0	0.000E+0	0.000E+0	1.000E+0	0.000E+0	0.000E+0	0.000E+0	0.000E+0	0.000E+0	0.000E+0	0.000E+0	0.000E+0	3.000E+0	0.000E+0	0.000E+0	0.000E+0	0.000E+0	0.000E+0	0.000E+0	0.000E+0	0.000E+0	2.000E+0	0.000E+0	1.000E+0	3.000E+0	4.000E+0	1.000E+1	8.000E+0	5.000E+0	9.000E+0	6.000E+0	4.000E+0	5.000E+0	1.100E+1	3.000E+0	5.000E+0	1.200E+1	1.000E+1	1.200E+1	1.100E+1	1.000E+1	1.600E+1	8.000E+0	5.000E+0	1.300E+1	1.100E+1	8.000E+0	8.000E+0	9.000E+0	9.000E+0	1.000E+1	1.000E+1	1.500E+1	1.000E+1	1.800E+1	1.000E+1	1.400E+1	1.200E+1	1.200E+1	1.400E+1	1.500E+1	1.500E+1	1.300E+1	1.500E+1	1.300E+1	1.500E+1	6.000E+0	2.500E+1	1.900E+1	1.100E+1	1.800E+1	1.400E+1	1.000E+1	1.300E+1	2.000E+1	2.100E+1	2.200E+1	1.400E+1	9.000E+0	1.800E+1	1.600E+1	9.000E+0	2.000E+1	2.500E+1	2.500E+1	2.600E+1	2.300E+1	2.400E+1	2.300E+1	2.700E+1	2.800E+1	2.000E+1	1.800E+1	2.800E+1	3.100E+1	2.600E+1	3.000E+1	3.200E+1	4.100E+1	3.100E+1	5.400E+1	4.800E+1	4.200E+1	3.300E+1	3.000E+1	2.900E+1	1.900E+1	1.400E+1	1.400E+1	4.000E+0	3.000E+0	2.000E+0	1.000E+0	1.000E+0	0.000E+0	2.000E+0	0.000E+0	0.000E+0	0.000E+0	0.000E+0	1.000E+0	0.000E+0	0.000E+0	0.000E+0	0.000E+0	0.000E+0	0.000E+0	0.000E+0	1.000E+0	0.000E+0	0.000E+0	0.000E+0	0.000E+0	0.000E+0	0.000E+0	0.000E+0	1.000E+1	2.100E+1	8.700E+1	4.120E+2	1.820E+3	6.369E+3	1.555E+4	2.612E+4	3.339E+4	3.354E+4	2.634E+4	1.609E+4	7.252E+3	2.686E+3	8.410E+2	2.090E+2	4.800E+1	1.900E+1	2.000E+0	1.000E+0	0.000E+0	0.000E+0	0.000E+0	0.000E+0	0.000E+0	0.000E+0	0.000E+0	0.000E+0	0.000E+0	0.000E+0	0.000E+0	1.000E+0	0.000E+0	0.000E+0	0.000E+0	0.000E+0	0.000E+0	0.000E+0	0.000E+0	0.000E+0	0.000E+0	0.000E+0	0.000E+0	1.000E+0	0.000E+0	0.000E+0	1.000E+0	0.000E+0	0.000E+0
0.000E+0	1.000E+0	0.000E+0	0.000E+0	0.000E+0	0.000E+0	0.000E+0	0.000E+0	0.000E+0	0.000E+0	0.000E+0	1.000E+0	0.000E+0	0.000E+0	1.000E+0	0.000E+0	0.000E+0	0.000E+0	0.000E+0	0.000E+0	0.000E+0	0.000E+0	0.000E+0	0.000E+0	0.000E+0	0.000E+0	0.000E+0	0.000E+0	0.000E+0	0.000E+0	0.000E+0	0.000E+0	0.000E+0	0.000E+0	0.000E+0	0.000E+0	0.000E+0	0.000E+0	0.000E+0	1.000E+0	2.000E+0	8.000E+0	6.000E+0	1.100E+1	1.100E+1	9.000E+0	7.000E+0	6.000E+0	1.600E+1	7.000E+0	1.000E+1	1.400E+1	7.000E+0	9.000E+0	1.100E+1	8.000E+0	6.000E+0	7.000E+0	7.000E+0	1.000E+1	9.000E+0	1.400E+1	1.400E+1	3.000E+0	1.700E+1	1.700E+1	1.200E+1	1.000E+1	1.100E+1	1.000E+1	1.500E+1	1.400E+1	1.000E+1	1.200E+1	1.600E+1	1.300E+1	9.000E+0	1.600E+1	1.700E+1	9.000E+0	1.400E+1	1.700E+1	1.800E+1	1.000E+1	1.300E+1	1.200E+1	1.600E+1	1.100E+1	2.700E+1	1.100E+1	1.100E+1	1.700E+1	1.900E+1	1.300E+1	2.200E+1	1.700E+1	1.600E+1	1.300E+1	2.300E+1	1.600E+1	2.300E+1	2.400E+1	1.900E+1	2.700E+1	2.300E+1	2.200E+1	1.600E+1	2.600E+1	2.200E+1	2.100E+1	2.100E+1	2.900E+1	3.600E+1	3.500E+1	4.200E+1	4.600E+1	2.700E+1	4.600E+1	4.600E+1	2.800E+1	3.400E+1	3.400E+1	1.900E+1	1.900E+1	3.000E+0	3.000E+0	3.000E+0	4.000E+0	2.000E+0	5.000E+0	6.000E+0	1.000E+0	0.000E+0	0.000E+0	0.000E+0	0.000E+0	0.000E+0	1.000E+0	0.000E+0	0.000E+0	0.000E+0	0.000E+0	0.000E+0	0.000E+0	0.000E+0	0.000E+0	0.000E+0	0.000E+0	0.000E+0	1.000E+0	2.000E+0	5.000E+0	3.700E+1	1.010E+2	4.740E+2	2.117E+3	6.928E+3	1.583E+4	2.611E+4	3.341E+4	3.313E+4	2.590E+4	1.594E+4	7.162E+3	2.466E+3	6.960E+2	1.480E+2	2.900E+1	8.000E+0	2.000E+0	0.000E+0	0.000E+0	0.000E+0	0.000E+0	0.000E+0	0.000E+0	0.000E+0	0.000E+0	0.000E+0	0.000E+0	0.000E+0	0.000E+0	0.000E+0	1.000E+0	0.000E+0	0.000E+0	1.000E+0	0.000E+0	0.000E+0	0.000E+0	0.000E+0	0.000E+0	0.000E+0	0.000E+0	1.000E+0	1.000E+0	0.000E+0	0.000E+0	0.000E+0	0.000E+0
1.000E+0	0.000E+0	0.000E+0	0.000E+0	0.000E+0	0.000E+0	0.000E+0	0.000E+0	0.000E+0	0.000E+0	0.000E+0	0.000E+0	0.000E+0	0.000E+0	0.000E+0	0.000E+0	0.000E+0	0.000E+0	0.000E+0	0.000E+0	1.000E+0	0.000E+0	1.000E+0	1.000E+0	1.000E+0	0.000E+0	0.000E+0	0.000E+0	0.000E+0	0.000E+0	0.000E+0	0.000E+0	0.000E+0	0.000E+0	0.000E+0	0.000E+0	0.000E+0	0.000E+0	0.000E+0	0.000E+0	5.000E+0	2.000E+0	8.000E+0	6.000E+0	1.000E+1	1.100E+1	7.000E+0	8.000E+0	1.100E+1	2.000E+0	1.200E+1	1.000E+1	9.000E+0	7.000E+0	1.400E+1	1.000E+1	1.200E+1	8.000E+0	7.000E+0	9.000E+0	1.100E+1	1.200E+1	1.300E+1	1.500E+1	1.200E+1	1.300E+1	2.000E+1	1.600E+1	1.200E+1	1.400E+1	1.300E+1	1.200E+1	1.200E+1	1.000E+1	1.000E+1	9.000E+0	1.500E+1	1.500E+1	1.000E+1	1.700E+1	1.200E+1	1.200E+1	1.900E+1	1.600E+1	6.000E+0	1.200E+1	2.100E+1	1.400E+1	1.800E+1	1.300E+1	1.500E+1	2.000E+1	1.400E+1	2.400E+1	2.000E+1	2.200E+1	2.000E+1	1.800E+1	1.300E+1	2.100E+1	2.000E+1	2.600E+1	2.400E+1	2.800E+1	2.300E+1	2.800E+1	2.300E+1	1.500E+1	3.000E+1	2.100E+1	2.900E+1	2.300E+1	2.300E+1	2.500E+1	3.700E+1	4.000E+1	3.600E+1	3.600E+1	5.400E+1	3.500E+1	2.900E+1	3.000E+1	2.600E+1	2.500E+1	5.000E+0	3.000E+0	5.000E+0	2.000E+0	6.000E+0	8.000E+0	3.000E+0	0.000E+0	0.000E+0	1.000E+0	0.000E+0	1.000E+0	1.000E+0	0.000E+0	0.000E+0	0.000E+0	0.000E+0	0.000E+0	0.000E+0	0.000E+0	0.000E+0	0.000E+0	0.000E+0	0.000E+0	0.000E+0	0.000E+0	4.000E+0	1.000E+1	2.000E+1	1.060E+2	3.960E+2	1.779E+3	6.584E+3	1.593E+4	2.659E+4	3.376E+4	3.422E+4	2.710E+4	1.629E+4	7.379E+3	2.529E+3	6.960E+2	1.750E+2	4.300E+1	1.400E+1	0.000E+0	1.000E+0	0.000E+0	0.000E+0	0.000E+0	0.000E+0	0.000E+0	0.000E+0	0.000E+0	0.000E+0	0.000E+0	0.000E+0	0.000E+0	0.000E+0	0.000E+0	0.000E+0	0.000E+0	0.000E+0	1.000E+0	0.000E+0	0.000E+0	0.000E+0	1.000E+0	0.000E+0	0.000E+0	0.000E+0	0.000E+0	0.000E+0	0.000E+0	0.000E+0	0.000E+0
0.000E+0	0.000E+0	0.000E+0	0.000E+0	0.000E+0	2.000E+0	1.000E+0	0.000E+0	0.000E+0	0.000E+0	0.000E+0	0.000E+0	1.000E+0	0.000E+0	0.000E+0	0.000E+0	0.000E+0	0.000E+0	0.000E+0	0.000E+0	0.000E+0	0.000E+0	0.000E+0	0.000E+0	0.000E+0	0.000E+0	1.000E+0	1.000E+0	0.000E+0	0.000E+0	0.000E+0	0.000E+0	0.000E+0	0.000E+0	0.000E+0	0.000E+0	1.000E+0	0.000E+0	0.000E+0	1.000E+0	2.000E+0	7.000E+0	7.000E+0	4.000E+0	7.000E+0	7.000E+0	1.200E+1	7.000E+0	7.000E+0	9.000E+0	7.000E+0	1.000E+1	1.200E+1	6.000E+0	5.000E+0	1.100E+1	1.100E+1	8.000E+0	1.200E+1	1.000E+1	1.100E+1	6.000E+0	1.000E+1	1.000E+1	1.100E+1	1.000E+1	1.200E+1	1.200E+1	1.700E+1	8.000E+0	1.200E+1	1.500E+1	1.500E+1	1.700E+1	1.600E+1	9.000E+0	1.900E+1	1.500E+1	1.200E+1	9.000E+0	1.100E+1	9.000E+0	1.600E+1	1.000E+1	2.000E+1	1.900E+1	1.800E+1	1.600E+1	1.100E+1	1.300E+1	1.500E+1	2.500E+1	2.000E+1	9.000E+0	1.500E+1	1.500E+1	2.300E+1	2.300E+1	2.800E+1	1.400E+1	2.200E+1	2.300E+1	1.700E+1	2.900E+1	2.500E+1	2.500E+1	1.300E+1	2.000E+1	2.500E+1	1.800E+1	2.900E+1	2.700E+1	3.100E+1	2.300E+1	3.800E+1	4.700E+1	3.900E+1	4.600E+1	4.900E+1	4.400E+1	4.400E+1	4.300E+1	3.200E+1	2.200E+1	6.000E+0	1.000E+1	6.000E+0	9.000E+0	7.000E+0	8.000E+0	5.000E+0	2.000E+0	0.000E+0	0.000E+0	2.000E+0	0.000E+0	0.000E+0	0.000E+0	0.000E+0	0.000E+0	0.000E+0	0.000E+0	0.000E+0	0.000E+0	0.000E+0	1.000E+0	0.000E+0	0.000E+0	0.000E+0	0.000E+0	2.000E+0	7.000E+0	3.900E+1	1.190E+2	4.620E+2	2.075E+3	6.845E+3	1.634E+4	2.689E+4	3.357E+4	3.384E+4	2.664E+4	1.640E+4	7.592E+3	2.580E+3	7.410E+2	1.900E+2	3.600E+1	7.000E+0	9.000E+0	3.000E+0	0.000E+0	0.000E+0	0.000E+0	1.000E+0	0.000E+0	0.000E+0	0.000E+0	0.000E+0	1.000E+0	0.000E+0	1.000E+0	0.000E+0	0.000E+0	1.000E+0	0.000E+0	0.000E+0	1.000E+0	0.000E+0	0.000E+0	0.000E+0	0.000E+0	0.000E+0	0.000E+0	0.000E+0	0.000E+0	0.000E+0	0.000E+0	0.000E+0	1.000E+0
0.000E+0	0.000E+0	1.000E+0	0.000E+0	0.000E+0	0.000E+0	0.000E+0	0.000E+0	0.000E+0	0.000E+0	2.000E+0	0.000E+0	0.000E+0	0.000E+0	0.000E+0	0.000E+0	1.000E+0	0.000E+0	0.000E+0	0.000E+0	1.000E+0	0.000E+0	0.000E+0	0.000E+0	0.000E+0	0.000E+0	0.000E+0	1.000E+0	0.000E+0	0.000E+0	0.000E+0	0.000E+0	1.000E+0	0.000E+0	0.000E+0	0.000E+0	0.000E+0	0.000E+0	0.000E+0	4.000E+0	2.000E+0	9.000E+0	5.000E+0	6.000E+0	8.000E+0	8.000E+0	5.000E+0	4.000E+0	6.000E+0	7.000E+0	1.300E+1	9.000E+0	1.600E+1	1.200E+1	1.100E+1	8.000E+0	5.000E+0	1.200E+1	1.300E+1	7.000E+0	8.000E+0	1.500E+1	8.000E+0	1.100E+1	1.200E+1	8.000E+0	1.200E+1	1.500E+1	1.300E+1	1.900E+1	1.100E+1	1.300E+1	1.500E+1	1.100E+1	8.000E+0	7.000E+0	1.600E+1	1.300E+1	1.100E+1	7.000E+0	7.000E+0	2.100E+1	1.200E+1	1.000E+1	1.600E+1	1.300E+1	1.200E+1	9.000E+0	1.300E+1	2.600E+1	1.400E+1	1.700E+1	1.600E+1	1.400E+1	2.300E+1	1.800E+1	2.500E+1	2.300E+1	2.500E+1	1.800E+1	1.600E+1	2.700E+1	2.400E+1	2.900E+1	1.900E+1	2.200E+1	2.000E+1	2.000E+1	2.000E+1	2.100E+1	3.000E+1	2.500E+1	2.400E+1	2.600E+1	3.400E+1	3.900E+1	3.600E+1	3.300E+1	4.300E+1	3.900E+1	4.700E+1	3.400E+1	3.000E+1	3.200E+1	9.000E+0	1.000E+1	1.000E+1	1.000E+1	6.000E+0	1.100E+1	1.000E+1	0.000E+0	0.000E+0	0.000E+0	0.000E+0	0.000E+0	0.000E+0	0.000E+0	0.000E+0	0.000E+0	0.000E+0	0.000E+0	0.000E+0	0.000E+0	0.000E+0	0.000E+0	0.000E+0	0.000E+0	0.000E+0	0.000E+0	3.000E+0	9.000E+0	3.100E+1	1.230E+2	5.620E+2	2.157E+3	6.577E+3	1.539E+4	2.691E+4	3.387E+4	3.337E+4	2.696E+4	1.728E+4	7.795E+3	2.546E+3	7.260E+2	1.590E+2	3.400E+1	1.100E+1	6.000E+0	1.000E+0	0.000E+0	0.000E+0	0.000E+0	0.000E+0	0.000E+0	0.000E+0	0.000E+0	0.000E+0	1.000E+0	0.000E+0	0.000E+0	0.000E+0	0.000E+0	0.000E+0	0.000E+0	0.000E+0	0.000E+0	0.000E+0	0.000E+0	0.000E+0	0.000E+0	0.000E+0	0.000E+0	0.000E+0	0.000E+0	1.000E+0	0.000E+0	0.000E+0	0.000E+0
1.000E+0	1.000E+0	0.000E+0	1.000E+0	0.000E+0	0.000E+0	0.000E+0	0.000E+0	1.000E+0	0.000E+0	0.000E+0	0.000E+0	0.000E+0	0.000E+0	1.000E+0	0.000E+0	0.000E+0	0.000E+0	0.000E+0	0.000E+0	0.000E+0	0.000E+0	0.000E+0	0.000E+0	0.000E+0	0.000E+0	0.000E+0	1.000E+0	0.000E+0	0.000E+0	1.000E+0	0.000E+0	0.000E+0	1.000E+0	0.000E+0	0.000E+0	0.000E+0	0.000E+0	0.000E+0	1.000E+0	1.000E+0	5.000E+0	4.000E+0	5.000E+0	7.000E+0	6.000E+0	1.000E+1	2.000E+0	1.100E+1	1.000E+1	7.000E+0	4.000E+0	1.000E+1	1.200E+1	1.200E+1	8.000E+0	1.400E+1	9.000E+0	7.000E+0	7.000E+0	1.000E+1	1.700E+1	1.200E+1	1.300E+1	1.200E+1	1.000E+1	9.000E+0	1.600E+1	1.400E+1	1.400E+1	1.100E+1	9.000E+0	7.000E+0	9.000E+0	1.400E+1	1.600E+1	1.200E+1	1.100E+1	1.300E+1	1.100E+1	1.600E+1	1.500E+1	1.100E+1	1.400E+1	1.400E+1	1.300E+1	1.300E+1	8.000E+0	1.900E+1	2.000E+1	1.300E+1	1.400E+1	2.000E+1	1.200E+1	2.100E+1	9.000E+0	1.600E+1	2.300E+1	1.700E+1	2.600E+1	1.800E+1	2.400E+1	2.100E+1	2.100E+1	2.900E+1	1.900E+1	2.300E+1	1.700E+1	2.000E+1	1.600E+1	1.800E+1	2.200E+1	2.600E+1	1.600E+1	2.700E+1	2.400E+1	2.600E+1	3.800E+1	3.900E+1	3.300E+1	2.600E+1	3.700E+1	3.700E+1	2.800E+1	5.000E+0	9.000E+0	1.000E+1	1.700E+1	9.000E+0	1.300E+1	8.000E+0	0.000E+0	0.000E+0	0.000E+0	0.000E+0	0.000E+0	0.000E+0	0.000E+0	0.000E+0	0.000E+0	0.000E+0	0.000E+0	0.000E+0	0.000E+0	0.000E+0	0.000E+0	0.000E+0	0.000E+0	0.000E+0	1.000E+0	3.000E+0	8.000E+0	2.400E+1	7.800E+1	3.600E+2	1.878E+3	6.654E+3	1.606E+4	2.681E+4	3.386E+4	3.377E+4	2.667E+4	1.671E+4	7.742E+3	2.702E+3	6.840E+2	1.550E+2	4.000E+1	1.300E+1	4.000E+0	2.000E+0	0.000E+0	0.000E+0	0.000E+0	0.000E+0	1.000E+0	0.000E+0	0.000E+0	0.000E+0	0.000E+0	0.000E+0	0.000E+0	0.000E+0	0.000E+0	0.000E+0	0.000E+0	0.000E+0	0.000E+0	0.000E+0	0.000E+0	0.000E+0	1.000E+0	0.000E+0	0.000E+0	0.000E+0	0.000E+0	1.000E+0	0.000E+0	0.000E+0	0.000E+0
0.000E+0	0.000E+0	0.000E+0	1.000E+0	0.000E+0	0.000E+0	1.000E+0	0.000E+0	0.000E+0	0.000E+0	0.000E+0	0.000E+0	0.000E+0	0.000E+0	0.000E+0	0.000E+0	0.000E+0	1.000E+0	0.000E+0	0.000E+0	1.000E+0	0.000E+0	0.000E+0	1.000E+0	0.000E+0	0.000E+0	0.000E+0	0.000E+0	0.000E+0	0.000E+0	0.000E+0	0.000E+0	0.000E+0	0.000E+0	0.000E+0	0.000E+0	0.000E+0	1.000E+0	0.000E+0	0.000E+0	3.000E+0	4.000E+0	7.000E+0	1.400E+1	6.000E+0	9.000E+0	1.200E+1	5.000E+0	9.000E+0	1.000E+1	1.200E+1	1.500E+1	6.000E+0	1.000E+1	9.000E+0	1.000E+1	9.000E+0	1.000E+1	8.000E+0	1.300E+1	1.200E+1	1.200E+1	1.100E+1	1.200E+1	1.200E+1	1.700E+1	1.000E+1	1.000E+1	1.100E+1	2.000E+1	1.100E+1	1.900E+1	1.200E+1	9.000E+0	1.200E+1	1.500E+1	1.100E+1	2.100E+1	1.300E+1	1.800E+1	1.400E+1	1.100E+1	1.300E+1	6.000E+0	1.200E+1	1.100E+1	1.800E+1	9.000E+0	2.100E+1	1.700E+1	1.800E+1	2.100E+1	2.300E+1	1.800E+1	1.800E+1	2.500E+1	1.400E+1	2.900E+1	1.600E+1	2.400E+1	2.700E+1	1.500E+1	1.500E+1	1.600E+1	2.100E+1	2.300E+1	2.300E+1	2.500E+1	2.100E+1	2.200E+1	2.500E+1	1.700E+1	1.900E+1	2.200E+1	2.100E+1	2.900E+1	2.900E+1	3.500E+1	3.300E+1	3.300E+1	3.200E+1	3.700E+1	2.900E+1	3.100E+1	1.000E+1	2.000E+0	8.000E+0	7.000E+0	1.000E+1	5.000E+0	9.000E+0	0.000E+0	0.000E+0	0.000E+0	0.000E+0	0.000E+0	0.000E+0	0.000E+0	0.000E+0	0.000E+0	1.000E+0	0.000E+0	0.000E+0	0.000E+0	0.000E+0	0.000E+0	0.000E+0	0.000E+0	0.000E+0	1.000E+0	2.000E+0	6.000E+0	2.300E+1	8.800E+1	4.190E+2	1.787E+3	6.489E+3	1.554E+4	2.620E+4	3.351E+4	3.348E+4	2.619E+4	1.593E+4	7.339E+3	2.513E+3	6.930E+2	1.520E+2	2.000E+1	7.000E+0	1.000E+0	2.000E+0	1.000E+0	0.000E+0	0.000E+0	0.000E+0	1.000E+0	0.000E+0	0.000E+0	0.000E+0	0.000E+0	1.000E+0	0.000E+0	0.000E+0	0.000E+0	0.000E+0	0.000E+0	1.000E+0	0.000E+0	0.000E+0	0.000E+0	0.000E+0	0.000E+0	0.000E+0	0.000E+0	0.000E+0	0.000E+0	0.000E+0	0.000E+0	0.000E+0	0.000E+0
0.000E+0	1.000E+0	0.000E+0	0.000E+0	0.000E+0	0.000E+0	1.000E+0	0.000E+0	0.000E+0	0.000E+0	0.000E+0	0.000E+0	0.000E+0	0.000E+0	0.000E+0	0.000E+0	0.000E+0	1.000E+0	0.000E+0	0.000E+0	0.000E+0	0.000E+0	0.000E+0	0.000E+0	0.000E+0	0.000E+0	0.000E+0	0.000E+0	0.000E+0	0.000E+0	1.000E+0	0.000E+0	0.000E+0	0.000E+0	0.000E+0	0.000E+0	0.000E+0	0.000E+0	0.000E+0	0.000E+0	1.000E+0	6.000E+0	6.000E+0	6.000E+0	1.000E+1	1.000E+1	1.000E+1	4.000E+0	5.000E+0	7.000E+0	7.000E+0	1.100E+1	9.000E+0	9.000E+0	5.000E+0	5.000E+0	5.000E+0	7.000E+0	6.000E+0	7.000E+0	1.000E+1	9.000E+0	5.000E+0	1.300E+1	8.000E+0	1.400E+1	6.000E+0	1.000E+1	1.000E+1	1.400E+1	9.000E+0	8.000E+0	1.100E+1	1.200E+1	9.000E+0	5.000E+0	1.400E+1	1.200E+1	1.400E+1	1.800E+1	1.100E+1	1.500E+1	1.100E+1	1.600E+1	1.500E+1	1.400E+1	2.000E+1	1.900E+1	1.300E+1	1.600E+1	9.000E+0	1.100E+1	1.800E+1	2.000E+1	2.600E+1	2.000E+1	2.300E+1	2.200E+1	2.800E+1	2.000E+1	2.000E+1	3.400E+1	2.300E+1	2.000E+1	1.800E+1	2.000E+1	2.600E+1	1.500E+1	2.000E+1	1.900E+1	2.900E+1	2.000E+1	2.300E+1	1.900E+1	2.300E+1	2.100E+1	2.600E+1	3.200E+1	3.200E+1	3.200E+1	3.800E+1	2.700E+1	3.600E+1	3.100E+1	1.000E+1	6.000E+0	8.000E+0	1.100E+1	1.100E+1	7.000E+0	7.000E+0	0.000E+0	0.000E+0	0.000E+0	0.000E+0	1.000E+0	1.000E+0	0.000E+0	0.000E+0	1.000E+0	1.000E+0	0.000E+0	0.000E+0	0.000E+0	0.000E+0	0.000E+0	0.000E+0	0.000E+0	0.000E+0	2.000E+0	1.000E+0	9.000E+0	2.900E+1	9.000E+1	5.370E+2	2.205E+3	6.707E+3	1.535E+4	2.585E+4	3.284E+4	3.266E+4	2.604E+4	1.649E+4	7.111E+3	2.342E+3	6.630E+2	1.610E+2	3.900E+1	1.100E+1	1.000E+0	1.000E+0	0.000E+0	1.000E+0	0.000E+0	0.000E+0	0.000E+0	2.000E+0	0.000E+0	0.000E+0	0.000E+0	0.000E+0	0.000E+0	0.000E+0	0.000E+0	0.000E+0	0.000E+0	0.000E+0	0.000E+0	0.000E+0	1.000E+0	0.000E+0	0.000E+0	0.000E+0	0.000E+0	1.000E+0	0.000E+0	1.000E+0	0.000E+0	0.000E+0	0.000E+0
0.000E+0	0.000E+0	0.000E+0	0.000E+0	0.000E+0	0.000E+0	0.000E+0	0.000E+0	0.000E+0	0.000E+0	0.000E+0	1.000E+0	0.000E+0	0.000E+0	0.000E+0	0.000E+0	0.000E+0	0.000E+0	0.000E+0	0.000E+0	0.000E+0	1.000E+0	0.000E+0	0.000E+0	0.000E+0	0.000E+0	0.000E+0	0.000E+0	0.000E+0	0.000E+0	0.000E+0	0.000E+0	0.000E+0	0.000E+0	0.000E+0	0.000E+0	0.000E+0	0.000E+0	0.000E+0	0.000E+0	2.000E+0	3.000E+0	5.000E+0	6.000E+0	8.000E+0	4.000E+0	8.000E+0	1.000E+1	6.000E+0	9.000E+0	6.000E+0	6.000E+0	1.200E+1	9.000E+0	1.200E+1	7.000E+0	1.100E+1	1.100E+1	1.100E+1	9.000E+0	1.000E+1	8.000E+0	8.000E+0	1.200E+1	8.000E+0	1.400E+1	1.400E+1	1.000E+1	1.000E+1	1.200E+1	1.000E+1	8.000E+0	1.400E+1	1.500E+1	1.300E+1	1.100E+1	9.000E+0	1.800E+1	8.000E+0	1.200E+1	8.000E+0	2.000E+1	1.400E+1	1.000E+1	1.300E+1	1.700E+1	6.000E+0	1.500E+1	9.000E+0	1.300E+1	2.000E+1	1.900E+1	8.000E+0	1.200E+1	2.400E+1	2.000E+1	1.700E+1	2.200E+1	2.300E+1	2.400E+1	2.100E+1	2.800E+1	1.900E+1	2.100E+1	1.900E+1	1.800E+1	2.300E+1	1.600E+1	2.900E+1	2.100E+1	2.800E+1	2.500E+1	1.600E+1	2.700E+1	1.800E+1	1.600E+1	2.000E+1	3.400E+1	2.400E+1	2.400E+1	2.300E+1	3.900E+1	2.100E+1	2.300E+1	7.000E+0	9.000E+0	1.200E+1	1.200E+1	1.400E+1	5.000E+0	7.000E+0	1.000E+0	1.000E+0	0.000E+0	0.000E+0	0.000E+0	0.000E+0	0.000E+0	0.000E+0	0.000E+0	0.000E+0	0.000E+0	0.000E+0	0.000E+0	0.000E+0	0.000E+0	1.000E+0	0.000E+0	1.000E+0	1.000E+0	3.000E+0	3.000E+0	3.200E+1	1.130E+2	5.050E+2	1.822E+3	6.322E+3	1.587E+4	2.639E+4	3.309E+4	3.285E+4	2.627E+4	1.594E+4	7.297E+3	2.654E+3	7.650E+2	1.880E+2	5.100E+1	1.000E+1	3.000E+0	1.000E+0	1.000E+0	0.000E+0	0.000E+0	1.000E+0	1.000E+0	0.000E+0	0.000E+0	0.000E+0	0.000E+0	0.000E+0	0.000E+0	0.000E+0	0.000E+0	0.000E+0	0.000E+0	0.000E+0	0.000E+0	1.000E+0	0.000E+0	0.000E+0	0.000E+0	0.000E+0	0.000E+0	0.000E+0	0.000E+0	0.000E+0	0.000E+0	0.000E+0	0.000E+0
1.000E+0	0.000E+0	0.000E+0	0.000E+0	0.000E+0	0.000E+0	0.000E+0	1.000E+0	0.000E+0	0.000E+0	0.000E+0	1.000E+0	0.000E+0	1.000E+0	0.000E+0	0.000E+0	1.000E+0	0.000E+0	0.000E+0	0.000E+0	0.000E+0	0.000E+0	0.000E+0	0.000E+0	0.000E+0	0.000E+0	2.000E+0	0.000E+0	0.000E+0	0.000E+0	0.000E+0	0.000E+0	0.000E+0	0.000E+0	1.000E+0	0.000E+0	0.000E+0	0.000E+0	0.000E+0	0.000E+0	5.000E+0	6.000E+0	5.000E+0	7.000E+0	5.000E+0	8.000E+0	1.000E+1	2.000E+0	9.000E+0	6.000E+0	8.000E+0	1.000E+1	9.000E+0	6.000E+0	6.000E+0	6.000E+0	8.000E+0	6.000E+0	5.000E+0	6.000E+0	1.400E+1	1.200E+1	6.000E+0	1.800E+1	1.100E+1	9.000E+0	1.400E+1	1.200E+1	1.300E+1	1.100E+1	1.500E+1	1.100E+1	1.500E+1	8.000E+0	1.200E+1	1.900E+1	1.400E+1	1.600E+1	1.100E+1	1.900E+1	1.400E+1	1.200E+1	1.400E+1	1.400E+1	9.000E+0	1.600E+1	9.000E+0	1.100E+1	1.800E+1	1.100E+1	1.100E+1	1.600E+1	1.900E+1	1.200E+1	1.300E+1	3.100E+1	2.200E+1	2.200E+1	2.300E+1	2.400E+1	2.100E+1	2.500E+1	2.400E+1	2.200E+1	1.200E+1	2.300E+1	2.700E+1	1.900E+1	1.500E+1	1.900E+1	2.700E+1	2.000E+1	2.700E+1	2.500E+1	2.800E+1	2.000E+1	2.100E+1	2.500E+1	1.000E+1	2.900E+1	2.700E+1	1.900E+1	2.300E+1	2.100E+1	5.000E+0	5.000E+0	7.000E+0	6.000E+0	3.000E+0	9.000E+0	1.100E+1	0.000E+0	0.000E+0	0.000E+0	0.000E+0	0.000E+0	1.000E+0	0.000E+0	1.000E+0	0.000E+0	0.000E+0	0.000E+0	0.000E+0	0.000E+0	0.000E+0	1.000E+0	2.000E+0	0.000E+0	0.000E+0	4.000E+0	4.000E+0	5.000E+0	1.600E+1	8.800E+1	4.070E+2	1.934E+3	6.634E+3	1.630E+4	2.710E+4	3.406E+4	3.426E+4	2.740E+4	1.641E+4	7.388E+3	2.491E+3	7.260E+2	1.620E+2	3.100E+1	1.000E+1	2.000E+0	0.000E+0	0.000E+0	0.000E+0	0.000E+0	0.000E+0	0.000E+0	0.000E+0	0.000E+0	0.000E+0	0.000E+0	0.000E+0	0.000E+0	0.000E+0	0.000E+0	1.000E+0	0.000E+0	1.000E+0	0.000E+0	1.000E+0	0.000E+0	0.000E+0	0.000E+0	0.000E+0	1.000E+0	0.000E+0	0.000E+0	0.000E+0	1.000E+0	0.000E+0	0.000E+0
0.000E+0	0.000E+0	0.000E+0	0.000E+0	0.000E+0	0.000E+0	0.000E+0	0.000E+0	0.000E+0	1.000E+0	0.000E+0	0.000E+0	0.000E+0	0.000E+0	0.000E+0	0.000E+0	0.000E+0	0.000E+0	0.000E+0	1.000E+0	0.000E+0	1.000E+0	1.000E+0	0.000E+0	0.000E+0	0.000E+0	0.000E+0	0.000E+0	0.000E+0	0.000E+0	0.000E+0	0.000E+0	0.000E+0	0.000E+0	0.000E+0	0.000E+0	1.000E+0	1.000E+0	0.000E+0	0.000E+0	5.000E+0	2.000E+0	9.000E+0	8.000E+0	4.000E+0	6.000E+0	2.000E+0	4.000E+0	8.000E+0	9.000E+0	6.000E+0	8.000E+0	7.000E+0	9.000E+0	8.000E+0	5.000E+0	7.000E+0	7.000E+0	4.000E+0	9.000E+0	1.100E+1	1.400E+1	1.000E+1	1.600E+1	8.000E+0	6.000E+0	6.000E+0	1.000E+1	1.300E+1	1.000E+1	1.100E+1	1.100E+1	7.000E+0	1.500E+1	1.600E+1	1.200E+1	1.100E+1	9.000E+0	1.000E+1	1.500E+1	1.300E+1	1.100E+1	1.400E+1	1.300E+1	1.400E+1	1.600E+1	1.400E+1	1.400E+1	1.300E+1	9.000E+0	1.400E+1	1.100E+1	1.300E+1	1.900E+1	1.600E+1	2.200E+1	2.700E+1	1.500E+1	2.100E+1	2.400E+1	2.100E+1	2.200E+1	2.200E+1	1.800E+1	2.400E+1	1.700E+1	1.900E+1	3.300E+1	2.100E+1	2.300E+1	3.100E+1	2.600E+1	2.000E+1	2.500E+1	1.700E+1	1.600E+1	2.200E+1	2.400E+1	1.800E+1	2.300E+1	2.400E+1	2.000E+1	3.000E+1	2.600E+1	7.000E+0	3.000E+0	7.000E+0	5.000E+0	1.000E+1	7.000E+0	5.000E+0	0.000E+0	0.000E+0	0.000E+0	1.000E+0	1.000E+0	0.000E+0	0.000E+0	0.000E+0	0.000E+0	0.000E+0	0.000E+0	0.000E+0	0.000E+0	0.000E+0	0.000E+0	0.000E+0	0.000E+0	0.000E+0	0.000E+0	5.000E+0	1.000E+1	3.000E+1	1.050E+2	4.790E+2	2.024E+3	6.666E+3	1.573E+4	2.676E+4	3.310E+4	3.282E+4	2.619E+4	1.633E+4	7.473E+3	2.379E+3	6.230E+2	1.490E+2	3.500E+1	1.000E+1	1.000E+0	3.000E+0	0.000E+0	0.000E+0	0.000E+0	0.000E+0	1.000E+0	0.000E+0	0.000E+0	0.000E+0	0.000E+0	0.000E+0	0.000E+0	0.000E+0	0.000E+0	1.000E+0	2.000E+0	1.000E+0	1.000E+0	0.000E+0	0.000E+0	0.000E+0	0.000E+0	0.000E+0	0.000E+0	0.000E+0	0.000E+0	0.000E+0	0.000E+0	0.000E+0	0.000E+0
1.000E+0	1.000E+0	0.000E+0	0.000E+0	3.000E+0	0.000E+0	0.000E+0	0.000E+0	0.000E+0	0.000E+0	0.000E+0	0.000E+0	0.000E+0	0.000E+0	0.000E+0	0.000E+0	0.000E+0	0.000E+0	0.000E+0	1.000E+0	0.000E+0	1.000E+0	0.000E+0	0.000E+0	0.000E+0	0.000E+0	0.000E+0	0.000E+0	0.000E+0	0.000E+0	0.000E+0	0.000E+0	1.000E+0	0.000E+0	0.000E+0	0.000E+0	1.000E+0	0.000E+0	0.000E+0	1.000E+0	2.000E+0	6.000E+0	7.000E+0	8.000E+0	2.000E+0	5.000E+0	7.000E+0	1.100E+1	5.000E+0	5.000E+0	9.000E+0	1.100E+1	9.000E+0	1.100E+1	8.000E+0	4.000E+0	5.000E+0	9.000E+0	1.000E+1	1.200E+1	1.400E+1	2.000E+1	8.000E+0	1.400E+1	1.100E+1	1.400E+1	7.000E+0	1.000E+1	1.100E+1	1.800E+1	1.400E+1	1.700E+1	1.400E+1	2.000E+1	1.700E+1	1.200E+1	9.000E+0	1.800E+1	1.700E+1	1.800E+1	1.200E+1	1.200E+1	1.300E+1	1.400E+1	1.100E+1	1.500E+1	1.900E+1	1.500E+1	1.500E+1	1.200E+1	1.000E+1	2.000E+1	1.900E+1	1.400E+1	1.200E+1	1.500E+1	1.800E+1	1.900E+1	1.800E+1	3.000E+1	2.700E+1	1.200E+1	2.500E+1	2.600E+1	2.700E+1	2.000E+1	2.400E+1	2.400E+1	2.300E+1	2.100E+1	1.900E+1	2.400E+1	2.900E+1	2.800E+1	1.500E+1	2.400E+1	2.000E+1	2.100E+1	1.500E+1	2.700E+1	2.000E+1	1.800E+1	2.700E+1	2.100E+1	4.000E+0	4.000E+0	7.000E+0	5.000E+0	5.000E+0	5.000E+0	7.000E+0	2.000E+0	0.000E+0	0.000E+0	0.000E+0	0.000E+0	0.000E+0	0.000E+0	0.000E+0	0.000E+0	0.000E+0	0.000E+0	0.000E+0	2.000E+0	0.000E+0	0.000E+0	0.000E+0	0.000E+0	0.000E+0	1.000E+0	3.000E+0	7.000E+0	1.900E+1	9.300E+1	4.850E+2	2.178E+3	6.838E+3	1.567E+4	2.634E+4	3.314E+4	3.332E+4	2.671E+4	1.601E+4	6.910E+3	2.539E+3	7.150E+2	1.630E+2	3.400E+1	6.000E+0	4.000E+0	3.000E+0	0.000E+0	0.000E+0	0.000E+0	0.000E+0	1.000E+0	0.000E+0	1.000E+0	1.000E+0	0.000E+0	0.000E+0	0.000E+0	0.000E+0	0.000E+0	0.000E+0	1.000E+0	0.000E+0	0.000E+0	0.000E+0	0.000E+0	0.000E+0	0.000E+0	0.000E+0	1.000E+0	0.000E+0	0.000E+0	0.000E+0	0.000E+0	0.000E+0	0.000E+0
0.000E+0	0.000E+0	0.000E+0	1.000E+0	0.000E+0	0.000E+0	0.000E+0	1.000E+0	0.000E+0	0.000E+0	0.000E+0	0.000E+0	0.000E+0	0.000E+0	0.000E+0	0.000E+0	0.000E+0	1.000E+0	0.000E+0	0.000E+0	0.000E+0	0.000E+0	0.000E+0	0.000E+0	1.000E+0	0.000E+0	1.000E+0	0.000E+0	0.000E+0	0.000E+0	0.000E+0	0.000E+0	0.000E+0	0.000E+0	0.000E+0	1.000E+0	0.000E+0	2.000E+0	0.000E+0	1.000E+0	2.000E+0	3.000E+0	6.000E+0	3.000E+0	9.000E+0	7.000E+0	9.000E+0	7.000E+0	1.000E+1	1.000E+1	1.200E+1	1.100E+1	9.000E+0	7.000E+0	6.000E+0	5.000E+0	6.000E+0	6.000E+0	6.000E+0	1.000E+1	1.100E+1	5.000E+0	1.000E+1	1.100E+1	1.400E+1	1.100E+1	9.000E+0	1.000E+1	8.000E+0	6.000E+0	1.300E+1	1.000E+1	8.000E+0	1.200E+1	9.000E+0	9.000E+0	1.000E+1	1.400E+1	1.200E+1	1.100E+1	1.600E+1	1.100E+1	1.800E+1	1.900E+1	1.400E+1	1.000E+1	1.400E+1	8.000E+0	1.300E+1	1.200E+1	1.400E+1	1.500E+1	1.500E+1	1.200E+1	1.800E+1	1.900E+1	1.600E+1	2.800E+1	1.500E+1	2.200E+1	2.700E+1	2.000E+1	2.600E+1	1.900E+1	2.400E+1	2.100E+1	3.400E+1	1.700E+1	2.800E+1	2.100E+1	2.300E+1	2.300E+1	2.300E+1	1.400E+1	2.000E+1	2.100E+1	1.600E+1	2.200E+1	1.800E+1	2.400E+1	2.400E+1	2.000E+1	2.400E+1	2.200E+1	6.000E+0	6.000E+0	4.000E+0	3.000E+0	5.000E+0	5.000E+0	3.000E+0	2.000E+0	0.000E+0	0.000E+0	0.000E+0	0.000E+0	0.000E+0	1.000E+0	0.000E+0	0.000E+0	1.000E+0	0.000E+0	0.000E+0	1.000E+0	0.000E+0	0.000E+0	0.000E+0	0.000E+0	0.000E+0	1.000E+0	4.000E+0	5.000E+0	2.500E+1	8.800E+1	4.460E+2	1.881E+3	6.454E+3	1.539E+4	2.657E+4	3.399E+4	3.401E+4	2.626E+4	1.551E+4	6.954E+3	2.373E+3	5.900E+2	1.280E+2	2.600E+1	5.000E+0	2.000E+0	1.000E+0	0.000E+0	0.000E+0	0.000E+0	0.000E+0	0.000E+0	0.000E+0	0.000E+0	0.000E+0	0.000E+0	0.000E+0	0.000E+0	2.000E+0	0.000E+0	0.000E+0	1.000E+0	0.000E+0	0.000E+0	0.000E+0	0.000E+0	0.000E+0	0.000E+0	0.000E+0	0.000E+0	1.000E+0	0.000E+0	0.000E+0	1.000E+0	0.000E+0	0.000E+0
1.000E+0	0.000E+0	1.000E+0	0.000E+0	0.000E+0	0.000E+0	0.000E+0	0.000E+0	0.000E+0	0.000E+0	0.000E+0	0.000E+0	1.000E+0	0.000E+0	0.000E+0	0.000E+0	0.000E+0	1.000E+0	0.000E+0	0.000E+0	0.000E+0	0.000E+0	0.000E+0	0.000E+0	0.000E+0	0.000E+0	0.000E+0	0.000E+0	0.000E+0	0.000E+0	0.000E+0	1.000E+0	0.000E+0	0.000E+0	0.000E+0	1.000E+0	0.000E+0	0.000E+0	0.000E+0	1.000E+0	1.000E+0	4.000E+0	3.000E+0	6.000E+0	1.100E+1	1.000E+0	7.000E+0	8.000E+0	7.000E+0	1.100E+1	6.000E+0	7.000E+0	6.000E+0	6.000E+0	1.100E+1	8.000E+0	6.000E+0	9.000E+0	4.000E+0	6.000E+0	9.000E+0	6.000E+0	1.100E+1	6.000E+0	7.000E+0	1.300E+1	9.000E+0	8.000E+0	1.000E+1	1.400E+1	9.000E+0	9.000E+0	1.200E+1	1.300E+1	1.300E+1	1.500E+1	1.600E+1	1.300E+1	1.400E+1	1.300E+1	9.000E+0	8.000E+0	8.000E+0	1.200E+1	1.700E+1	1.200E+1	9.000E+0	1.100E+1	1.300E+1	1.000E+1	1.100E+1	8.000E+0	1.300E+1	2.000E+1	2.500E+1	1.600E+1	1.600E+1	1.600E+1	3.000E+1	2.300E+1	3.300E+1	2.100E+1	2.600E+1	3.100E+1	1.800E+1	1.500E+1	1.800E+1	1.400E+1	1.000E+1	2.100E+1	1.700E+1	1.400E+1	2.600E+1	1.500E+1	2.300E+1	2.600E+1	2.000E+1	2.100E+1	2.300E+1	1.700E+1	1.700E+1	1.700E+1	2.100E+1	2.200E+1	5.000E+0	3.000E+0	7.000E+0	9.000E+0	4.000E+0	6.000E+0	4.000E+0	0.000E+0	1.000E+0	0.000E+0	0.000E+0	0.000E+0	0.000E+0	0.000E+0	0.000E+0	0.000E+0	0.000E+0	0.000E+0	0.000E+0	0.000E+0	0.000E+0	0.000E+0	0.000E+0	0.000E+0	1.000E+0	0.000E+0	0.000E+0	8.000E+0	2.900E+1	9.400E+1	3.880E+2	1.675E+3	6.065E+3	1.554E+4	2.655E+4	3.356E+4	3.349E+4	2.621E+4	1.569E+4	7.166E+3	2.469E+3	7.180E+2	1.650E+2	3.600E+1	1.300E+1	2.000E+0	0.000E+0	0.000E+0	1.000E+0	0.000E+0	0.000E+0	0.000E+0	0.000E+0	0.000E+0	0.000E+0	0.000E+0	0.000E+0	0.000E+0	0.000E+0	2.000E+0	0.000E+0	1.000E+0	0.000E+0	0.000E+0	0.000E+0	0.000E+0	0.000E+0	0.000E+0	0.000E+0	0.000E+0	0.000E+0	0.000E+0	0.000E+0	0.000E+0	0.000E+0	0.000E+0
0.000E+0	0.000E+0	0.000E+0	0.000E+0	0.000E+0	0.000E+0	0.000E+0	0.000E+0	0.000E+0	0.000E+0	0.000E+0	0.000E+0	0.000E+0	0.000E+0	0.000E+0	0.000E+0	0.000E+0	1.000E+0	0.000E+0	0.000E+0	0.000E+0	0.000E+0	1.000E+0	0.000E+0	1.000E+0	0.000E+0	0.000E+0	0.000E+0	0.000E+0	1.000E+0	0.000E+0	0.000E+0	0.000E+0	0.000E+0	0.000E+0	0.000E+0	0.000E+0	0.000E+0	0.000E+0	2.000E+0	2.000E+0	6.000E+0	4.000E+0	7.000E+0	9.000E+0	1.000E+0	4.000E+0	3.000E+0	6.000E+0	1.000E+1	9.000E+0	1.300E+1	1.100E+1	1.200E+1	7.000E+0	5.000E+0	1.000E+1	3.000E+0	1.400E+1	7.000E+0	9.000E+0	7.000E+0	1.100E+1	7.000E+0	1.000E+1	1.900E+1	6.000E+0	1.100E+1	1.500E+1	1.600E+1	1.200E+1	1.500E+1	1.100E+1	1.400E+1	5.000E+0	1.700E+1	1.000E+1	6.000E+0	1.600E+1	1.200E+1	1.400E+1	1.200E+1	2.300E+1	1.300E+1	9.000E+0	2.200E+1	8.000E+0	1.300E+1	1.500E+1	2.000E+1	1.200E+1	1.300E+1	1.600E+1	2.500E+1	1.600E+1	1.700E+1	1.700E+1	1.400E+1	2.300E+1	2.400E+1	2.400E+1	1.800E+1	2.600E+1	2.300E+1	3.000E+1	1.700E+1	1.500E+1	2.100E+1	1.700E+1	1.800E+1	1.200E+1	2.500E+1	1.200E+1	2.000E+1	2.400E+1	2.200E+1	2.800E+1	2.600E+1	2.100E+1	1.200E+1	1.800E+1	2.900E+1	1.800E+1	2.200E+1	1.000E+1	9.000E+0	6.000E+0	7.000E+0	5.000E+0	8.000E+0	5.000E+0	1.000E+0	0.000E+0	1.000E+0	0.000E+0	1.000E+0	0.000E+0	0.000E+0	1.000E+0	0.000E+0	1.000E+0	0.000E+0	1.000E+0	0.000E+0	0.000E+0	0.000E+0	0.000E+0	0.000E+0	0.000E+0	1.000E+0	1.000E+0	4.000E+0	1.500E+1	8.300E+1	4.780E+2	2.113E+3	6.818E+3	1.514E+4	2.602E+4	3.347E+4	3.322E+4	2.608E+4	1.645E+4	7.426E+3	2.551E+3	6.830E+2	1.730E+2	4.800E+1	8.000E+0	3.000E+0	0.000E+0	0.000E+0	0.000E+0	0.000E+0	1.000E+0	0.000E+0	0.000E+0	1.000E+0	1.000E+0	0.000E+0	0.000E+0	0.000E+0	1.000E+0	0.000E+0	0.000E+0	0.000E+0	1.000E+0	1.000E+0	0.000E+0	1.000E+0	0.000E+0	1.000E+0	0.000E+0	0.000E+0	0.000E+0	0.000E+0	1.000E+0	0.000E+0	0.000E+0	0.000E+0
0.000E+0	0.000E+0	0.000E+0	0.000E+0	0.000E+0	0.000E+0	0.000E+0	0.000E+0	0.000E+0	0.000E+0	0.000E+0	0.000E+0	1.000E+0	0.000E+0	0.000E+0	0.000E+0	0.000E+0	0.000E+0	0.000E+0	0.000E+0	0.000E+0	1.000E+0	0.000E+0	0.000E+0	0.000E+0	0.000E+0	0.000E+0	0.000E+0	1.000E+0	0.000E+0	0.000E+0	1.000E+0	0.000E+0	0.000E+0	0.000E+0	0.000E+0	0.000E+0	0.000E+0	0.000E+0	0.000E+0	3.000E+0	1.100E+1	5.000E+0	7.000E+0	6.000E+0	3.000E+0	4.000E+0	9.000E+0	2.000E+0	6.000E+0	7.000E+0	4.000E+0	5.000E+0	8.000E+0	1.000E+0	5.000E+0	5.000E+0	9.000E+0	6.000E+0	5.000E+0	9.000E+0	1.400E+1	1.000E+1	1.200E+1	1.300E+1	8.000E+0	1.500E+1	1.500E+1	1.500E+1	1.000E+1	8.000E+0	9.000E+0	1.300E+1	1.100E+1	1.300E+1	1.300E+1	1.800E+1	1.900E+1	7.000E+0	1.600E+1	1.800E+1	9.000E+0	1.500E+1	1.400E+1	1.000E+1	1.200E+1	1.200E+1	1.600E+1	1.700E+1	2.100E+1	1.600E+1	1.500E+1	2.100E+1	1.700E+1	1.900E+1	1.200E+1	1.800E+1	1.900E+1	1.600E+1	1.200E+1	1.900E+1	1.900E+1	1.700E+1	2.500E+1	2.000E+1	2.400E+1	2.100E+1	1.400E+1	2.200E+1	2.000E+1	1.600E+1	1.900E+1	1.400E+1	1.900E+1	2.000E+1	2.000E+1	1.900E+1	2.100E+1	2.500E+1	3.000E+1	2.300E+1	2.100E+1	3.000E+1	2.400E+1	2.000E+0	2.000E+0	5.000E+0	8.000E+0	5.000E+0	4.000E+0	5.000E+0	0.000E+0	1.000E+0	0.000E+0	0.000E+0	0.000E+0	0.000E+0	0.000E+0	0.000E+0	0.000E+0	0.000E+0	0.000E+0	0.000E+0	0.000E+0	0.000E+0	1.000E+0	1.000E+0	0.000E+0	0.000E+0	1.000E+0	2.000E+0	9.000E+0	1.900E+1	7.300E+1	4.190E+2	1.935E+3	6.421E+3	1.565E+4	2.752E+4	3.548E+4	3.421E+4	2.702E+4	1.661E+4	7.474E+3	2.474E+3	6.020E+2	1.560E+2	3.800E+1	1.000E+1	1.000E+0	2.000E+0	0.000E+0	0.000E+0	0.000E+0	0.000E+0	0.000E+0	0.000E+0	0.000E+0	0.000E+0	1.000E+0	0.000E+0	0.000E+0	0.000E+0	0.000E+0	1.000E+0	0.000E+0	0.000E+0	0.000E+0	0.000E+0	0.000E+0	0.000E+0	0.000E+0	1.000E+0	0.000E+0	0.000E+0	0.000E+0	0.000E+0	0.000E+0	0.000E+0	0.000E+0
1.000E+0	1.000E+0	0.000E+0	0.000E+0	2.000E+0	0.000E+0	0.000E+0	0.000E+0	0.000E+0	0.000E+0	1.000E+0	0.000E+0	1.000E+0	0.000E+0	0.000E+0	2.000E+0	0.000E+0	0.000E+0	0.000E+0	1.000E+0	0.000E+0	0.000E+0	0.000E+0	0.000E+0	0.000E+0	0.000E+0	0.000E+0	0.000E+0	0.000E+0	1.000E+0	0.000E+0	0.000E+0	0.000E+0	0.000E+0	0.000E+0	0.000E+0	1.000E+0	0.000E+0	0.000E+0	0.000E+0	1.000E+0	7.000E+0	8.000E+0	5.000E+0	1.200E+1	7.000E+0	9.000E+0	6.000E+0	6.000E+0	1.400E+1	1.200E+1	7.000E+0	6.000E+0	1.400E+1	7.000E+0	5.000E+0	9.000E+0	6.000E+0	1.100E+1	6.000E+0	1.000E+1	9.000E+0	9.000E+0	9.000E+0	1.600E+1	7.000E+0	9.000E+0	1.100E+1	1.400E+1	1.700E+1	7.000E+0	1.200E+1	1.300E+1	1.300E+1	1.600E+1	1.100E+1	6.000E+0	1.200E+1	9.000E+0	1.400E+1	1.300E+1	1.300E+1	1.700E+1	1.200E+1	1.000E+1	1.200E+1	1.400E+1	1.400E+1	1.500E+1	8.000E+0	1.700E+1	1.200E+1	1.300E+1	7.000E+0	1.900E+1	2.300E+1	2.300E+1	2.500E+1	1.900E+1	1.600E+1	1.400E+1	2.100E+1	2.500E+1	1.500E+1	2.300E+1	1.600E+1	2.300E+1	1.600E+1	2.100E+1	2.200E+1	1.500E+1	1.800E+1	2.300E+1	1.500E+1	1.800E+1	1.400E+1	2.200E+1	1.000E+1	2.400E+1	2.000E+1	2.300E+1	1.800E+1	2.800E+1	2.300E+1	1.300E+1	5.000E+0	8.000E+0	7.000E+0	1.400E+1	9.000E+0	7.000E+0	1.000E+0	0.000E+0	0.000E+0	0.000E+0	0.000E+0	0.000E+0	0.000E+0	0.000E+0	0.000E+0	0.000E+0	0.000E+0	0.000E+0	1.000E+0	0.000E+0	0.000E+0	0.000E+0	0.000E+0	0.000E+0	1.000E+0	1.000E+0	4.000E+0	2.700E+1	1.130E+2	4.430E+2	1.900E+3	6.688E+3	1.619E+4	2.721E+4	3.450E+4	3.385E+4	2.661E+4	1.627E+4	7.706E+3	2.701E+3	7.520E+2	1.610E+2	4.800E+1	1.700E+1	1.000E+0	1.000E+0	1.000E+0	0.000E+0	0.000E+0	1.000E+0	0.000E+0	0.000E+0	0.000E+0	1.000E+0	0.000E+0	0.000E+0	0.000E+0	0.000E+0	0.000E+0	0.000E+0	0.000E+0	0.000E+0	1.000E+0	0.000E+0	0.000E+0	0.000E+0	0.000E+0	0.000E+0	0.000E+0	0.000E+0	0.000E+0	0.000E+0	0.000E+0	0.000E+0	0.000E+0
0.000E+0	0.000E+0	0.000E+0	0.000E+0	0.000E+0	1.000E+0	0.000E+0	0.000E+0	0.000E+0	0.000E+0	0.000E+0	0.000E+0	0.000E+0	1.000E+0	0.000E+0	1.000E+0	1.000E+0	1.000E+0	0.000E+0	1.000E+0	0.000E+0	0.000E+0	0.000E+0	0.000E+0	0.000E+0	1.000E+0	1.000E+0	0.000E+0	0.000E+0	0.000E+0	0.000E+0	0.000E+0	1.000E+0	0.000E+0	0.000E+0	0.000E+0	0.000E+0	2.000E+0	0.000E+0	1.000E+0	1.000E+0	4.000E+0	5.000E+0	8.000E+0	5.000E+0	3.000E+0	7.000E+0	5.000E+0	3.000E+0	1.300E+1	1.000E+1	5.000E+0	7.000E+0	1.200E+1	7.000E+0	6.000E+0	4.000E+0	2.000E+0	7.000E+0	3.000E+0	9.000E+0	5.000E+0	6.000E+0	7.000E+0	9.000E+0	1.100E+1	1.300E+1	1.000E+1	7.000E+0	1.400E+1	9.000E+0	9.000E+0	1.600E+1	1.900E+1	1.600E+1	1.300E+1	1.100E+1	7.000E+0	1.200E+1	1.400E+1	2.100E+1	1.400E+1	1.500E+1	1.000E+1	1.700E+1	1.300E+1	1.200E+1	1.000E+1	1.000E+1	1.200E+1	1.900E+1	1.100E+1	1.900E+1	1.300E+1	1.500E+1	1.100E+1	1.000E+1	1.100E+1	1.700E+1	1.500E+1	1.400E+1	1.800E+1	2.400E+1	2.700E+1	1.500E+1	1.200E+1	2.000E+1	2.000E+1	1.800E+1	1.700E+1	1.600E+1	2.600E+1	1.900E+1	1.900E+1	1.800E+1	1.800E+1	1.800E+1	2.600E+1	2.400E+1	2.100E+1	2.200E+1	2.300E+1	2.700E+1	1.900E+1	3.000E+0	9.000E+0	3.000E+0	6.000E+0	1.200E+1	7.000E+0	8.000E+0	1.000E+0	1.000E+0	0.000E+0	0.000E+0	0.000E+0	1.000E+0	0.000E+0	0.000E+0	0.000E+0	0.000E+0	0.000E+0	0.000E+0	0.000E+0	0.000E+0	0.000E+0	1.000E+0	0.000E+0	0.000E+0	0.000E+0	0.000E+0	5.000E+0	1.400E+1	1.010E+2	4.200E+2	1.922E+3	6.673E+3	1.654E+4	2.769E+4	3.493E+4	3.522E+4	2.809E+4	1.719E+4	7.502E+3	2.443E+3	7.400E+2	1.860E+2	3.000E+1	6.000E+0	3.000E+0	3.000E+0	0.000E+0	0.000E+0	0.000E+0	0.000E+0	0.000E+0	0.000E+0	0.000E+0	0.000E+0	0.000E+0	0.000E+0	0.000E+0	0.000E+0	0.000E+0	0.000E+0	0.000E+0	0.000E+0	0.000E+0	0.000E+0	0.000E+0	0.000E+0	0.000E+0	0.000E+0	0.000E+0	0.000E+0	0.000E+0	0.000E+0	0.000E+0	1.000E+0	0.000E+0
0.000E+0	0.000E+0	0.000E+0	0.000E+0	0.000E+0	0.000E+0	0.000E+0	0.000E+0	0.000E+0	0.000E+0	0.000E+0	0.000E+0	0.000E+0	0.000E+0	0.000E+0	0.000E+0	0.000E+0	0.000E+0	0.000E+0	0.000E+0	0.000E+0	0.000E+0	0.000E+0	1.000E+0	0.000E+0	0.000E+0	0.000E+0	0.000E+0	1.000E+0	0.000E+0	0.000E+0	0.000E+0	0.000E+0	0.000E+0	0.000E+0	1.000E+0	0.000E+0	2.000E+0	0.000E+0	0.000E+0	0.000E+0	7.000E+0	7.000E+0	5.000E+0	6.000E+0	5.000E+0	2.000E+0	1.000E+1	1.300E+1	1.000E+1	7.000E+0	1.100E+1	3.000E+0	1.100E+1	7.000E+0	8.000E+0	8.000E+0	6.000E+0	1.200E+1	8.000E+0	1.500E+1	9.000E+0	5.000E+0	1.300E+1	1.200E+1	1.100E+1	1.000E+1	8.000E+0	7.000E+0	1.100E+1	9.000E+0	1.000E+1	9.000E+0	1.400E+1	1.200E+1	1.200E+1	9.000E+0	8.000E+0	1.200E+1	1.400E+1	1.300E+1	9.000E+0	1.500E+1	2.000E+1	6.000E+0	1.700E+1	1.300E+1	1.400E+1	1.300E+1	1.800E+1	1.700E+1	1.400E+1	1.200E+1	1.300E+1	1.300E+1	1.500E+1	1.900E+1	1.800E+1	1.800E+1	2.400E+1	2.500E+1	1.700E+1	1.500E+1	2.500E+1	1.900E+1	1.700E+1	1.600E+1	9.000E+0	2.000E+1	1.000E+1	2.100E+1	2.000E+1	2.300E+1	1.900E+1	1.800E+1	1.800E+1	2.000E+1	1.800E+1	2.900E+1	2.000E+1	2.100E+1	1.700E+1	2.700E+1	1.300E+1	3.000E+0	1.000E+1	6.000E+0	3.000E+0	8.000E+0	3.000E+0	7.000E+0	1.000E+0	1.000E+0	0.000E+0	0.000E+0	0.000E+0	0.000E+0	0.000E+0	1.000E+0	1.000E+0	0.000E+0	0.000E+0	0.000E+0	0.000E+0	0.000E+0	0.000E+0	0.000E+0	0.000E+0	0.000E+0	0.000E+0	1.000E+0	2.000E+0	3.700E+1	1.170E+2	4.850E+2	2.126E+3	6.978E+3	1.671E+4	2.820E+4	3.591E+4	3.508E+4	2.783E+4	1.682E+4	7.658E+3	2.631E+3	7.980E+2	1.880E+2	4.100E+1	1.600E+1	6.000E+0	1.000E+0	0.000E+0	0.000E+0	0.000E+0	0.000E+0	0.000E+0	0.000E+0	0.000E+0	0.000E+0	0.000E+0	0.000E+0	0.000E+0	0.000E+0	1.000E+0	0.000E+0	1.000E+0	0.000E+0	0.000E+0	1.000E+0	1.000E+0	1.000E+0	0.000E+0	0.000E+0	0.000E+0	0.000E+0	0.000E+0	0.000E+0	0.000E+0	0.000E+0	0.000E+0
0.000E+0	0.000E+0	0.000E+0	0.000E+0	0.000E+0	0.000E+0	0.000E+0	0.000E+0	0.000E+0	0.000E+0	0.000E+0	0.000E+0	0.000E+0	0.000E+0	0.000E+0	0.000E+0	0.000E+0	1.000E+0	0.000E+0	0.000E+0	0.000E+0	0.000E+0	0.000E+0	0.000E+0	1.000E+0	0.000E+0	0.000E+0	0.000E+0	0.000E+0	0.000E+0	0.000E+0	0.000E+0	0.000E+0	1.000E+0	0.000E+0	0.000E+0	1.000E+0	1.000E+0	0.000E+0	0.000E+0	3.000E+0	7.000E+0	7.000E+0	5.000E+0	6.000E+0	5.000E+0	4.000E+0	4.000E+0	2.000E+0	8.000E+0	5.000E+0	7.000E+0	5.000E+0	1.000E+1	7.000E+0	9.000E+0	9.000E+0	5.000E+0	7.000E+0	1.100E+1	4.000E+0	8.000E+0	8.000E+0	1.100E+1	7.000E+0	1.200E+1	7.000E+0	1.000E+1	1.700E+1	8.000E+0	1.200E+1	1.300E+1	1.600E+1	2.300E+1	9.000E+0	1.100E+1	1.600E+1	9.000E+0	1.400E+1	1.900E+1	1.900E+1	1.300E+1	1.800E+1	1.000E+1	1.500E+1	2.000E+1	6.000E+0	1.700E+1	1.000E+1	1.100E+1	1.000E+1	1.200E+1	1.400E+1	1.900E+1	8.000E+0	1.300E+1	2.300E+1	1.800E+1	1.500E+1	1.400E+1	2.600E+1	1.200E+1	2.300E+1	1.800E+1	1.900E+1	2.000E+1	1.300E+1	2.300E+1	1.900E+1	1.500E+1	1.700E+1	1.500E+1	1.600E+1	2.700E+1	1.600E+1	1.100E+1	1.800E+1	1.400E+1	2.000E+1	1.400E+1	1.600E+1	1.900E+1	2.600E+1	2.200E+1	9.000E+0	5.000E+0	3.000E+0	1.000E+0	2.000E+0	2.000E+0	4.000E+0	0.000E+0	0.000E+0	0.000E+0	0.000E+0	0.000E+0	0.000E+0	1.000E+0	0.000E+0	0.000E+0	0.000E+0	0.000E+0	0.000E+0	0.000E+0	0.000E+0	0.000E+0	0.000E+0	0.000E+0	1.000E+0	1.000E+0	5.000E+0	5.000E+0	2.300E+1	1.150E+2	5.110E+2	2.128E+3	6.950E+3	1.635E+4	2.785E+4	3.517E+4	3.404E+4	2.744E+4	1.720E+4	7.842E+3	2.586E+3	6.530E+2	1.650E+2	2.600E+1	8.000E+0	2.000E+0	0.000E+0	0.000E+0	1.000E+0	2.000E+0	0.000E+0	0.000E+0	0.000E+0	0.000E+0	0.000E+0	0.000E+0	0.000E+0	1.000E+0	0.000E+0	0.000E+0	0.000E+0	0.000E+0	0.000E+0	0.000E+0	0.000E+0	0.000E+0	0.000E+0	0.000E+0	0.000E+0	0.000E+0	0.000E+0	0.000E+0	0.000E+0	0.000E+0	0.000E+0	0.000E+0
0.000E+0	0.000E+0	0.000E+0	0.000E+0	0.000E+0	1.000E+0	0.000E+0	0.000E+0	1.000E+0	0.000E+0	0.000E+0	0.000E+0	0.000E+0	0.000E+0	1.000E+0	0.000E+0	0.000E+0	0.000E+0	0.000E+0	0.000E+0	0.000E+0	0.000E+0	0.000E+0	0.000E+0	0.000E+0	0.000E+0	0.000E+0	0.000E+0	1.000E+0	1.000E+0	0.000E+0	0.000E+0	0.000E+0	0.000E+0	0.000E+0	0.000E+0	1.000E+0	0.000E+0	0.000E+0	1.000E+0	5.000E+0	1.000E+0	4.000E+0	3.000E+0	2.000E+0	7.000E+0	6.000E+0	4.000E+0	1.000E+1	6.000E+0	3.000E+0	8.000E+0	7.000E+0	9.000E+0	9.000E+0	6.000E+0	5.000E+0	5.000E+0	7.000E+0	1.000E+0	1.500E+1	1.500E+1	1.100E+1	1.000E+1	4.000E+0	1.100E+1	1.200E+1	1.200E+1	1.400E+1	1.800E+1	1.100E+1	7.000E+0	1.100E+1	1.700E+1	1.800E+1	1.800E+1	9.000E+0	1.200E+1	1.200E+1	1.400E+1	1.800E+1	1.700E+1	1.600E+1	1.400E+1	1.300E+1	1.500E+1	1.100E+1	1.300E+1	1.100E+1	1.200E+1	1.200E+1	1.900E+1	9.000E+0	1.500E+1	1.300E+1	1.800E+1	2.000E+1	1.800E+1	1.300E+1	1.800E+1	1.600E+1	1.100E+1	1.600E+1	2.300E+1	2.100E+1	1.900E+1	1.900E+1	1.700E+1	2.000E+1	1.100E+1	1.300E+1	2.000E+1	2.000E+1	2.000E+1	1.800E+1	1.700E+1	1.600E+1	1.800E+1	2.400E+1	1.400E+1	1.500E+1	6.000E+0	2.200E+1	2.000E+1	2.000E+0	2.000E+0	2.000E+0	1.000E+0	3.000E+0	8.000E+0	4.000E+0	1.000E+0	1.000E+0	0.000E+0	0.000E+0	0.000E+0	1.000E+0	0.000E+0	0.000E+0	0.000E+0	1.000E+0	1.000E+0	0.000E+0	0.000E+0	0.000E+0	0.000E+0	0.000E+0	0.000E+0	0.000E+0	2.000E+0	1.000E+0	7.000E+0	2.000E+1	9.800E+1	4.150E+2	1.720E+3	6.223E+3	1.573E+4	2.853E+4	3.606E+4	3.535E+4	2.800E+4	1.716E+4	7.462E+3	2.387E+3	6.100E+2	1.290E+2	3.600E+1	4.000E+0	0.000E+0	2.000E+0	0.000E+0	0.000E+0	0.000E+0	1.000E+0	0.000E+0	0.000E+0	0.000E+0	1.000E+0	0.000E+0	0.000E+0	0.000E+0	0.000E+0	1.000E+0	0.000E+0	0.000E+0	0.000E+0	0.000E+0	0.000E+0	0.000E+0	0.000E+0	2.000E+0	0.000E+0	1.000E+0	0.000E+0	0.000E+0	0.000E+0	0.000E+0	0.000E+0	0.000E+0
1.000E+0	0.000E+0	0.000E+0	0.000E+0	0.000E+0	0.000E+0	1.000E+0	0.000E+0	0.000E+0	1.000E+0	0.000E+0	0.000E+0	0.000E+0	0.000E+0	0.000E+0	0.000E+0	0.000E+0	0.000E+0	0.000E+0	0.000E+0	0.000E+0	0.000E+0	1.000E+0	0.000E+0	0.000E+0	2.000E+0	0.000E+0	0.000E+0	0.000E+0	0.000E+0	0.000E+0	0.000E+0	0.000E+0	1.000E+0	0.000E+0	0.000E+0	0.000E+0	0.000E+0	0.000E+0	2.000E+0	3.000E+0	2.000E+0	6.000E+0	6.000E+0	9.000E+0	5.000E+0	4.000E+0	1.000E+1	3.000E+0	3.000E+0	5.000E+0	2.000E+0	5.000E+0	5.000E+0	6.000E+0	7.000E+0	9.000E+0	1.200E+1	1.300E+1	1.200E+1	6.000E+0	5.000E+0	1.100E+1	1.100E+1	7.000E+0	8.000E+0	1.600E+1	1.000E+1	1.000E+1	1.000E+1	1.600E+1	1.800E+1	1.300E+1	1.600E+1	7.000E+0	1.400E+1	1.600E+1	1.300E+1	6.000E+0	9.000E+0	8.000E+0	1.100E+1	1.700E+1	9.000E+0	1.300E+1	6.000E+0	9.000E+0	9.000E+0	1.300E+1	1.700E+1	1.000E+1	1.700E+1	1.200E+1	1.300E+1	1.300E+1	6.000E+0	1.200E+1	1.900E+1	1.700E+1	1.500E+1	1.100E+1	1.300E+1	2.700E+1	2.100E+1	2.500E+1	1.600E+1	1.700E+1	2.000E+1	1.500E+1	1.600E+1	1.200E+1	1.000E+1	1.800E+1	1.800E+1	1.600E+1	1.500E+1	1.500E+1	1.600E+1	1.900E+1	1.400E+1	1.700E+1	2.000E+1	2.000E+1	1.000E+1	5.000E+0	4.000E+0	4.000E+0	1.000E+0	2.000E+0	2.000E+0	3.000E+0	1.000E+0	0.000E+0	0.000E+0	1.000E+0	0.000E+0	0.000E+0	0.000E+0	0.000E+0	0.000E+0	0.000E+0	0.000E+0	0.000E+0	0.000E+0	0.000E+0	0.000E+0	0.000E+0	1.000E+0	0.000E+0	0.000E+0	4.000E+0	9.000E+0	3.200E+1	9.800E+1	4.180E+2	1.899E+3	6.652E+3	1.585E+4	2.641E+4	3.392E+4	3.323E+4	2.648E+4	1.615E+4	7.378E+3	2.507E+3	7.210E+2	1.940E+2	5.600E+1	1.800E+1	2.000E+0	1.000E+0	1.000E+0	0.000E+0	0.000E+0	0.000E+0	0.000E+0	0.000E+0	0.000E+0	0.000E+0	0.000E+0	0.000E+0	0.000E+0	0.000E+0	0.000E+0	0.000E+0	0.000E+0	1.000E+0	0.000E+0	0.000E+0	0.000E+0	0.000E+0	0.000E+0	0.000E+0	0.000E+0	0.000E+0	0.000E+0	0.000E+0	0.000E+0	0.000E+0	0.000E+0
0.000E+0	0.000E+0	0.000E+0	0.000E+0	0.000E+0	0.000E+0	1.000E+0	1.000E+0	0.000E+0	0.000E+0	0.000E+0	0.000E+0	0.000E+0	0.000E+0	1.000E+0	0.000E+0	0.000E+0	0.000E+0	1.000E+0	1.000E+0	0.000E+0	0.000E+0	0.000E+0	0.000E+0	0.000E+0	1.000E+0	0.000E+0	0.000E+0	0.000E+0	0.000E+0	0.000E+0	1.000E+0	0.000E+0	1.000E+0	1.000E+0	0.000E+0	0.000E+0	0.000E+0	0.000E+0	0.000E+0	3.000E+0	0.000E+0	5.000E+0	4.000E+0	5.000E+0	8.000E+0	7.000E+0	1.400E+1	7.000E+0	4.000E+0	3.000E+0	8.000E+0	5.000E+0	8.000E+0	1.900E+1	1.000E+0	1.400E+1	1.500E+1	8.000E+0	7.000E+0	6.000E+0	9.000E+0	6.000E+0	1.600E+1	9.000E+0	1.200E+1	1.100E+1	1.500E+1	1.200E+1	9.000E+0	1.100E+1	9.000E+0	8.000E+0	1.400E+1	1.200E+1	1.500E+1	1.100E+1	1.900E+1	2.100E+1	2.100E+1	1.400E+1	1.200E+1	1.300E+1	1.700E+1	7.000E+0	1.100E+1	9.000E+0	1.000E+1	7.000E+0	1.400E+1	1.800E+1	1.100E+1	1.200E+1	9.000E+0	1.100E+1	1.200E+1	2.400E+1	1.300E+1	1.800E+1	1.300E+1	1.700E+1	2.200E+1	9.000E+0	1.800E+1	1.900E+1	1.600E+1	1.900E+1	1.200E+1	2.000E+1	2.000E+1	1.700E+1	1.500E+1	1.400E+1	9.000E+0	1.700E+1	1.700E+1	1.300E+1	1.900E+1	1.200E+1	1.900E+1	1.600E+1	2.200E+1	1.600E+1	2.100E+1	3.000E+0	4.000E+0	2.000E+0	5.000E+0	3.000E+0	5.000E+0	6.000E+0	0.000E+0	1.000E+0	0.000E+0	0.000E+0	0.000E+0	0.000E+0	0.000E+0	0.000E+0	0.000E+0	1.000E+0	0.000E+0	0.000E+0	0.000E+0	0.000E+0	0.000E+0	0.000E+0	1.000E+0	1.000E+0	0.000E+0	1.000E+0	8.000E+0	3.300E+1	8.800E+1	4.510E+2	1.961E+3	6.853E+3	1.617E+4	2.714E+4	3.486E+4	3.439E+4	2.722E+4	1.676E+4	7.576E+3	2.726E+3	7.320E+2	1.740E+2	4.400E+1	8.000E+0	6.000E+0	1.000E+0	1.000E+0	0.000E+0	0.000E+0	0.000E+0	0.000E+0	1.000E+0	0.000E+0	0.000E+0	0.000E+0	0.000E+0	0.000E+0	0.000E+0	0.000E+0	0.000E+0	0.000E+0	0.000E+0	0.000E+0	0.000E+0	0.000E+0	0.000E+0	0.000E+0	0.000E+0	1.000E+0	0.000E+0	0.000E+0	0.000E+0	0.000E+0	0.000E+0	0.000E+0
1.000E+0	0.000E+0	1.000E+0	1.000E+0	0.000E+0	0.000E+0	0.000E+0	0.000E+0	0.000E+0	1.000E+0	0.000E+0	0.000E+0	0.000E+0	0.000E+0	0.000E+0	1.000E+0	0.000E+0	0.000E+0	0.000E+0	0.000E+0	0.000E+0	0.000E+0	0.000E+0	0.000E+0	0.000E+0	1.000E+0	0.000E+0	0.000E+0	0.000E+0	0.000E+0	0.000E+0	0.000E+0	0.000E+0	1.000E+0	0.000E+0	0.000E+0	0.000E+0	0.000E+0	0.000E+0	0.000E+0	2.000E+0	3.000E+0	8.000E+0	8.000E+0	4.000E+0	4.000E+0	8.000E+0	6.000E+0	1.000E+1	7.000E+0	1.000E+1	1.100E+1	7.000E+0	4.000E+0	5.000E+0	1.100E+1	5.000E+0	7.000E+0	8.000E+0	6.000E+0	9.000E+0	1.100E+1	6.000E+0	1.100E+1	6.000E+0	8.000E+0	8.000E+0	1.100E+1	1.600E+1	1.700E+1	7.000E+0	1.600E+1	9.000E+0	1.000E+1	1.000E+1	1.000E+1	1.000E+1	1.400E+1	1.800E+1	1.500E+1	1.200E+1	7.000E+0	1.300E+1	2.200E+1	1.100E+1	1.200E+1	1.200E+1	1.200E+1	1.400E+1	1.400E+1	1.000E+1	1.000E+1	1.100E+1	1.600E+1	1.200E+1	1.600E+1	7.000E+0	9.000E+0	1.400E+1	1.200E+1	1.500E+1	1.400E+1	1.800E+1	2.000E+1	1.300E+1	1.100E+1	1.700E+1	1.700E+1	1.300E+1	1.500E+1	2.000E+1	2.200E+1	1.900E+1	1.600E+1	1.800E+1	1.300E+1	1.600E+1	2.100E+1	2.100E+1	1.800E+1	1.300E+1	1.200E+1	2.100E+1	1.900E+1	2.000E+0	9.000E+0	3.000E+0	2.000E+0	5.000E+0	4.000E+0	6.000E+0	0.000E+0	2.000E+0	0.000E+0	0.000E+0	1.000E+0	0.000E+0	1.000E+0	0.000E+0	0.000E+0	0.000E+0	0.000E+0	0.000E+0	0.000E+0	0.000E+0	0.000E+0	0.000E+0	0.000E+0	0.000E+0	0.000E+0	3.000E+0	9.000E+0	2.400E+1	9.000E+1	5.220E+2	2.009E+3	6.679E+3	1.567E+4	2.641E+4	3.261E+4	3.249E+4	2.608E+4	1.630E+4	7.637E+3	2.782E+3	7.470E+2	1.800E+2	2.500E+1	6.000E+0	3.000E+0	1.000E+0	0.000E+0	0.000E+0	0.000E+0	2.000E+0	0.000E+0	0.000E+0	0.000E+0	1.000E+0	0.000E+0	0.000E+0	0.000E+0	0.000E+0	0.000E+0	0.000E+0	1.000E+0	0.000E+0	0.000E+0	0.000E+0	0.000E+0	0.000E+0	0.000E+0	0.000E+0	0.000E+0	0.000E+0	0.000E+0	0.000E+0	0.000E+0	0.000E+0	0.000E+0
0.000E+0	0.000E+0	0.000E+0	0.000E+0	0.000E+0	0.000E+0	0.000E+0	0.000E+0	0.000E+0	0.000E+0	0.000E+0	0.000E+0	0.000E+0	0.000E+0	0.000E+0	0.000E+0	1.000E+0	0.000E+0	0.000E+0	0.000E+0	0.000E+0	0.000E+0	0.000E+0	0.000E+0	0.000E+0	0.000E+0	0.000E+0	0.000E+0	0.000E+0	0.000E+0	0.000E+0	0.000E+0	0.000E+0	0.000E+0	0.000E+0	0.000E+0	0.000E+0	0.000E+0	0.000E+0	2.000E+0	4.000E+0	3.000E+0	6.000E+0	4.000E+0	1.100E+1	7.000E+0	7.000E+0	1.200E+1	9.000E+0	6.000E+0	8.000E+0	6.000E+0	1.000E+1	1.000E+1	8.000E+0	7.000E+0	7.000E+0	1.200E+1	1.400E+1	1.000E+1	1.000E+1	6.000E+0	9.000E+0	1.000E+1	1.200E+1	8.000E+0	1.400E+1	1.500E+1	9.000E+0	9.000E+0	9.000E+0	1.000E+1	1.700E+1	1.100E+1	1.800E+1	5.000E+0	1.000E+1	5.000E+0	1.400E+1	7.000E+0	1.400E+1	1.700E+1	1.300E+1	8.000E+0	1.300E+1	1.000E+1	1.900E+1	1.100E+1	9.000E+0	1.300E+1	1.100E+1	1.300E+1	1.000E+1	6.000E+0	1.200E+1	1.000E+1	7.000E+0	1.100E+1	8.000E+0	1.700E+1	1.500E+1	1.500E+1	1.300E+1	1.600E+1	1.500E+1	1.200E+1	1.700E+1	1.600E+1	1.500E+1	1.100E+1	1.900E+1	1.000E+1	1.000E+1	1.500E+1	1.700E+1	2.000E+0	1.400E+1	9.000E+0	1.600E+1	1.100E+1	1.700E+1	1.900E+1	2.200E+1	1.700E+1	9.000E+0	3.000E+0	8.000E+0	4.000E+0	3.000E+0	5.000E+0	6.000E+0	0.000E+0	0.000E+0	1.000E+0	1.000E+0	0.000E+0	0.000E+0	2.000E+0	0.000E+0	0.000E+0	0.000E+0	0.000E+0	0.000E+0	0.000E+0	0.000E+0	0.000E+0	0.000E+0	0.000E+0	0.000E+0	0.000E+0	2.000E+0	9.000E+0	2.300E+1	9.300E+1	4.600E+2	1.978E+3	6.781E+3	1.590E+4	2.668E+4	3.394E+4	3.339E+4	2.666E+4	1.665E+4	7.505E+3	2.577E+3	6.900E+2	2.000E+2	4.000E+1	1.300E+1	2.000E+0	0.000E+0	0.000E+0	0.000E+0	0.000E+0	1.000E+0	1.000E+0	0.000E+0	0.000E+0	0.000E+0	0.000E+0	0.000E+0	0.000E+0	0.000E+0	0.000E+0	0.000E+0	0.000E+0	0.000E+0	2.000E+0	0.000E+0	1.000E+0	0.000E+0	0.000E+0	0.000E+0	0.000E+0	1.000E+0	0.000E+0	0.000E+0	0.000E+0	0.000E+0	1.000E+0
0.000E+0	0.000E+0	0.000E+0	0.000E+0	0.000E+0	0.000E+0	1.000E+0	0.000E+0	0.000E+0	0.000E+0	1.000E+0	0.000E+0	0.000E+0	0.000E+0	0.000E+0	0.000E+0	1.000E+0	0.000E+0	0.000E+0	0.000E+0	0.000E+0	0.000E+0	0.000E+0	0.000E+0	0.000E+0	0.000E+0	0.000E+0	1.000E+0	1.000E+0	0.000E+0	0.000E+0	0.000E+0	0.000E+0	0.000E+0	0.000E+0	1.000E+0	2.000E+0	1.000E+0	0.000E+0	2.000E+0	2.000E+0	4.000E+0	4.000E+0	6.000E+0	2.000E+0	1.000E+0	9.000E+0	1.000E+1	2.000E+0	5.000E+0	6.000E+0	1.500E+1	8.000E+0	4.000E+0	7.000E+0	1.100E+1	7.000E+0	7.000E+0	3.000E+0	1.000E+1	1.100E+1	1.200E+1	6.000E+0	1.000E+1	9.000E+0	3.000E+0	1.200E+1	1.000E+1	1.300E+1	1.000E+1	1.500E+1	1.500E+1	1.100E+1	1.600E+1	1.100E+1	1.300E+1	1.500E+1	1.400E+1	1.800E+1	1.900E+1	1.600E+1	1.100E+1	1.400E+1	1.400E+1	1.600E+1	1.300E+1	1.100E+1	1.600E+1	2.100E+1	1.900E+1	1.300E+1	1.200E+1	1.700E+1	1.700E+1	1.700E+1	1.900E+1	1.800E+1	1.900E+1	1.800E+1	2.500E+1	1.800E+1	1.900E+1	2.500E+1	2.900E+1	1.900E+1	1.700E+1	2.700E+1	2.600E+1	2.100E+1	2.300E+1	2.100E+1	2.200E+1	3.000E+1	2.000E+1	2.000E+1	2.000E+1	1.100E+1	1.700E+1	2.000E+1	1.500E+1	2.300E+1	1.500E+1	1.700E+1	1.100E+1	0.000E+0	2.000E+0	4.000E+0	2.000E+0	4.000E+0	8.000E+0	4.000E+0	1.000E+0	0.000E+0	0.000E+0	0.000E+0	0.000E+0	0.000E+0	0.000E+0	0.000E+0	0.000E+0	0.000E+0	0.000E+0	0.000E+0	0.000E+0	0.000E+0	0.000E+0	0.000E+0	1.000E+0	1.000E+0	0.000E+0	4.000E+0	7.000E+0	2.400E+1	1.010E+2	4.750E+2	2.058E+3	7.032E+3	1.566E+4	2.618E+4	3.349E+4	3.350E+4	2.642E+4	1.576E+4	7.303E+3	2.586E+3	6.330E+2	1.270E+2	3.200E+1	9.000E+0	2.000E+0	1.000E+0	1.000E+0	0.000E+0	0.000E+0	0.000E+0	1.000E+0	0.000E+0	1.000E+0	0.000E+0	0.000E+0	0.000E+0	0.000E+0	1.000E+0	0.000E+0	0.000E+0	1.000E+0	0.000E+0	1.000E+0	1.000E+0	0.000E+0	0.000E+0	0.000E+0	0.000E+0	0.000E+0	0.000E+0	1.000E+0	0.000E+0	0.000E+0	0.000E+0	0.000E+0
0.000E+0	1.000E+0	0.000E+0	0.000E+0	2.000E+0	0.000E+0	0.000E+0	0.000E+0	0.000E+0	0.000E+0	0.000E+0	0.000E+0	0.000E+0	0.000E+0	0.000E+0	0.000E+0	0.000E+0	1.000E+0	1.000E+0	0.000E+0	0.000E+0	0.000E+0	1.000E+0	0.000E+0	0.000E+0	0.000E+0	0.000E+0	0.000E+0	0.000E+0	0.000E+0	1.000E+0	0.000E+0	0.000E+0	0.000E+0	0.000E+0	1.000E+0	0.000E+0	0.000E+0	2.000E+0	0.000E+0	2.000E+0	6.000E+0	3.000E+0	8.000E+0	9.000E+0	7.000E+0	7.000E+0	4.000E+0	6.000E+0	8.000E+0	7.000E+0	9.000E+0	1.200E+1	8.000E+0	7.000E+0	8.000E+0	7.000E+0	3.000E+0	8.000E+0	9.000E+0	5.000E+0	7.000E+0	5.000E+0	1.000E+1	8.000E+0	9.000E+0	1.000E+1	8.000E+0	9.000E+0	7.000E+0	9.000E+0	6.000E+0	1.400E+1	1.200E+1	1.100E+1	1.100E+1	1.300E+1	1.600E+1	1.400E+1	1.400E+1	1.700E+1	1.900E+1	1.600E+1	1.800E+1	1.500E+1	1.500E+1	1.900E+1	1.400E+1	1.600E+1	1.600E+1	1.600E+1	2.000E+1	2.500E+1	2.300E+1	1.300E+1	2.300E+1	1.600E+1	2.100E+1	4.100E+1	3.100E+1	3.200E+1	3.100E+1	2.900E+1	2.300E+1	3.200E+1	2.600E+1	2.300E+1	2.800E+1	2.200E+1	2.100E+1	2.100E+1	3.000E+1	2.700E+1	2.000E+1	3.100E+1	2.200E+1	1.800E+1	2.500E+1	2.800E+1	1.900E+1	2.600E+1	2.600E+1	1.900E+1	3.300E+1	6.000E+0	4.000E+0	6.000E+0	5.000E+0	7.000E+0	3.000E+0	4.000E+0	0.000E+0	0.000E+0	1.000E+0	0.000E+0	0.000E+0	0.000E+0	0.000E+0	0.000E+0	0.000E+0	0.000E+0	0.000E+0	0.000E+0	0.000E+0	0.000E+0	0.000E+0	0.000E+0	0.000E+0	0.000E+0	0.000E+0	2.000E+0	5.000E+0	1.600E+1	8.600E+1	4.220E+2	1.798E+3	6.263E+3	1.566E+4	2.684E+4	3.429E+4	3.362E+4	2.705E+4	1.703E+4	7.410E+3	2.437E+3	6.340E+2	1.170E+2	2.800E+1	8.000E+0	5.000E+0	1.000E+0	0.000E+0	1.000E+0	0.000E+0	1.000E+0	0.000E+0	0.000E+0	1.000E+0	1.000E+0	0.000E+0	0.000E+0	0.000E+0	0.000E+0	0.000E+0	0.000E+0	0.000E+0	0.000E+0	1.000E+0	0.000E+0	0.000E+0	0.000E+0	0.000E+0	0.000E+0	0.000E+0	0.000E+0	0.000E+0	0.000E+0	0.000E+0	0.000E+0	0.000E+0
0.000E+0	0.000E+0	0.000E+0	0.000E+0	0.000E+0	0.000E+0	0.000E+0	0.000E+0	0.000E+0	0.000E+0	0.000E+0	0.000E+0	0.000E+0	2.000E+0	2.000E+0	1.000E+0	0.000E+0	0.000E+0	0.000E+0	0.000E+0	1.000E+0	1.000E+0	1.000E+0	0.000E+0	0.000E+0	0.000E+0	0.000E+0	1.000E+0	0.000E+0	0.000E+0	0.000E+0	0.000E+0	0.000E+0	0.000E+0	1.000E+0	0.000E+0	0.000E+0	0.000E+0	0.000E+0	0.000E+0	2.000E+0	4.000E+0	4.000E+0	5.000E+0	7.000E+0	7.000E+0	4.000E+0	1.100E+1	4.000E+0	7.000E+0	7.000E+0	9.000E+0	6.000E+0	1.300E+1	3.000E+0	7.000E+0	8.000E+0	1.200E+1	5.000E+0	8.000E+0	6.000E+0	9.000E+0	1.000E+1	9.000E+0	7.000E+0	1.300E+1	1.100E+1	7.000E+0	1.100E+1	1.000E+1	1.600E+1	6.000E+0	1.300E+1	1.200E+1	1.000E+1	1.500E+1	1.000E+1	1.400E+1	1.300E+1	1.100E+1	2.200E+1	1.300E+1	1.400E+1	1.300E+1	1.000E+1	1.400E+1	7.000E+0	1.000E+1	1.400E+1	1.300E+1	1.600E+1	1.300E+1	1.400E+1	9.000E+0	2.200E+1	2.100E+1	2.100E+1	2.000E+1	2.300E+1	4.100E+1	2.800E+1	2.500E+1	3.400E+1	2.000E+1	2.000E+1	1.800E+1	2.200E+1	2.200E+1	2.200E+1	1.600E+1	2.400E+1	2.500E+1	2.600E+1	2.200E+1	2.300E+1	1.900E+1	2.300E+1	2.100E+1	2.300E+1	2.500E+1	2.600E+1	2.700E+1	2.700E+1	2.000E+1	6.000E+0	3.000E+0	5.000E+0	3.000E+0	3.000E+0	9.000E+0	5.000E+0	0.000E+0	0.000E+0	0.000E+0	0.000E+0	1.000E+0	0.000E+0	0.000E+0	1.000E+0	0.000E+0	1.000E+0	0.000E+0	0.000E+0	0.000E+0	0.000E+0	0.000E+0	0.000E+0	0.000E+0	0.000E+0	2.000E+0	2.000E+0	3.000E+0	1.600E+1	8.100E+1	4.060E+2	1.947E+3	6.561E+3	1.567E+4	2.652E+4	3.368E+4	3.319E+4	2.601E+4	1.644E+4	7.600E+3	2.580E+3	7.250E+2	1.940E+2	3.900E+1	9.000E+0	5.000E+0	1.000E+0	0.000E+0	0.000E+0	1.000E+0	0.000E+0	0.000E+0	0.000E+0	0.000E+0	0.000E+0	0.000E+0	0.000E+0	0.000E+0	0.000E+0	0.000E+0	0.000E+0	0.000E+0	0.000E+0	0.000E+0	1.000E+0	0.000E+0	0.000E+0	0.000E+0	0.000E+0	0.000E+0	0.000E+0	0.000E+0	0.000E+0	1.000E+0	0.000E+0	1.000E+0
1.000E+0	0.000E+0	1.000E+0	0.000E+0	0.000E+0	0.000E+0	0.000E+0	0.000E+0	0.000E+0	1.000E+0	1.000E+0	0.000E+0	0.000E+0	0.000E+0	0.000E+0	1.000E+0	0.000E+0	0.000E+0	0.000E+0	0.000E+0	0.000E+0	0.000E+0	1.000E+0	0.000E+0	0.000E+0	0.000E+0	0.000E+0	0.000E+0	0.000E+0	0.000E+0	0.000E+0	0.000E+0	0.000E+0	1.000E+0	0.000E+0	0.000E+0	0.000E+0	0.000E+0	1.000E+0	1.000E+0	4.000E+0	5.000E+0	1.000E+0	8.000E+0	3.000E+0	1.000E+0	0.000E+0	6.000E+0	8.000E+0	6.000E+0	7.000E+0	7.000E+0	7.000E+0	7.000E+0	4.000E+0	7.000E+0	7.000E+0	4.000E+0	8.000E+0	6.000E+0	8.000E+0	8.000E+0	6.000E+0	8.000E+0	9.000E+0	8.000E+0	9.000E+0	1.000E+1	7.000E+0	7.000E+0	7.000E+0	9.000E+0	4.000E+0	1.300E+1	1.300E+1	1.500E+1	9.000E+0	1.000E+1	1.500E+1	1.400E+1	1.000E+1	1.200E+1	1.100E+1	9.000E+0	1.200E+1	1.600E+1	1.300E+1	1.200E+1	1.300E+1	1.000E+1	1.500E+1	1.100E+1	1.100E+1	1.700E+1	1.700E+1	1.100E+1	1.500E+1	2.600E+1	1.900E+1	1.800E+1	3.100E+1	3.300E+1	3.300E+1	1.800E+1	2.800E+1	2.200E+1	2.800E+1	2.800E+1	3.100E+1	2.600E+1	2.300E+1	2.300E+1	1.700E+1	2.400E+1	2.300E+1	2.100E+1	1.500E+1	2.400E+1	2.700E+1	2.400E+1	2.600E+1	2.400E+1	2.100E+1	2.400E+1	7.000E+0	4.000E+0	3.000E+0	8.000E+0	1.000E+1	8.000E+0	3.000E+0	0.000E+0	0.000E+0	0.000E+0	0.000E+0	0.000E+0	0.000E+0	1.000E+0	0.000E+0	0.000E+0	0.000E+0	0.000E+0	0.000E+0	0.000E+0	0.000E+0	0.000E+0	0.000E+0	0.000E+0	0.000E+0	1.000E+0	4.000E+0	4.000E+0	2.500E+1	1.040E+2	4.740E+2	2.026E+3	6.584E+3	1.586E+4	2.666E+4	3.409E+4	3.400E+4	2.732E+4	1.650E+4	7.499E+3	2.596E+3	7.030E+2	1.800E+2	4.000E+1	1.600E+1	7.000E+0	2.000E+0	0.000E+0	0.000E+0	0.000E+0	1.000E+0	0.000E+0	0.000E+0	0.000E+0	0.000E+0	0.000E+0	0.000E+0	0.000E+0	0.000E+0	0.000E+0	0.000E+0	0.000E+0	0.000E+0	0.000E+0	0.000E+0	0.000E+0	0.000E+0	0.000E+0	0.000E+0	0.000E+0	1.000E+0	0.000E+0	0.000E+0	0.000E+0	0.000E+0	0.000E+0
0.000E+0	0.000E+0	0.000E+0	0.000E+0	0.000E+0	0.000E+0	1.000E+0	0.000E+0	0.000E+0	0.000E+0	0.000E+0	1.000E+0	0.000E+0	1.000E+0	0.000E+0	1.000E+0	0.000E+0	0.000E+0	1.000E+0	0.000E+0	0.000E+0	0.000E+0	0.000E+0	2.000E+0	0.000E+0	0.000E+0	0.000E+0	1.000E+0	0.000E+0	0.000E+0	0.000E+0	0.000E+0	1.000E+0	1.000E+0	0.000E+0	0.000E+0	1.000E+0	0.000E+0	0.000E+0	0.000E+0	2.000E+0	2.000E+0	3.000E+0	1.100E+1	7.000E+0	9.000E+0	6.000E+0	5.000E+0	6.000E+0	4.000E+0	2.000E+0	1.000E+1	9.000E+0	6.000E+0	5.000E+0	8.000E+0	7.000E+0	6.000E+0	7.000E+0	5.000E+0	6.000E+0	1.200E+1	1.500E+1	6.000E+0	1.400E+1	1.100E+1	7.000E+0	9.000E+0	6.000E+0	1.600E+1	1.200E+1	9.000E+0	1.400E+1	1.400E+1	1.500E+1	1.200E+1	1.500E+1	1.100E+1	1.100E+1	1.300E+1	1.300E+1	1.600E+1	1.000E+1	1.600E+1	1.600E+1	6.000E+0	1.900E+1	7.000E+0	1.500E+1	1.400E+1	1.500E+1	1.500E+1	1.900E+1	1.100E+1	2.200E+1	1.600E+1	2.000E+1	2.800E+1	2.400E+1	3.100E+1	2.300E+1	2.800E+1	3.000E+1	2.200E+1	3.400E+1	1.300E+1	2.700E+1	2.900E+1	2.100E+1	2.600E+1	2.200E+1	2.200E+1	1.700E+1	2.000E+1	3.500E+1	2.000E+1	1.700E+1	2.500E+1	1.300E+1	1.600E+1	1.800E+1	1.900E+1	2.600E+1	2.600E+1	9.000E+0	5.000E+0	7.000E+0	6.000E+0	4.000E+0	2.000E+0	8.000E+0	2.000E+0	0.000E+0	0.000E+0	0.000E+0	0.000E+0	2.000E+0	0.000E+0	0.000E+0	3.000E+0	0.000E+0	0.000E+0	0.000E+0	0.000E+0	0.000E+0	0.000E+0	0.000E+0	0.000E+0	2.000E+0	0.000E+0	2.000E+0	7.000E+0	3.500E+1	1.130E+2	4.950E+2	2.107E+3	6.624E+3	1.602E+4	2.780E+4	3.509E+4	3.445E+4	2.755E+4	1.688E+4	7.461E+3	2.342E+3	6.540E+2	1.710E+2	3.800E+1	1.700E+1	3.000E+0	0.000E+0	0.000E+0	0.000E+0	0.000E+0	0.000E+0	0.000E+0	0.000E+0	0.000E+0	0.000E+0	0.000E+0	1.000E+0	1.000E+0	0.000E+0	0.000E+0	0.000E+0	1.000E+0	1.000E+0	0.000E+0	0.000E+0	0.000E+0	0.000E+0	0.000E+0	1.000E+0	0.000E+0	0.000E+0	0.000E+0	0.000E+0	0.000E+0	0.000E+0	0.000E+0
1.000E+0	1.000E+0	0.000E+0	0.000E+0	0.000E+0	0.000E+0	0.000E+0	0.000E+0	0.000E+0	2.000E+0	0.000E+0	0.000E+0	0.000E+0	0.000E+0	0.000E+0	0.000E+0	1.000E+0	3.000E+0	1.000E+0	1.000E+0	0.000E+0	0.000E+0	0.000E+0	0.000E+0	0.000E+0	0.000E+0	0.000E+0	0.000E+0	0.000E+0	0.000E+0	0.000E+0	0.000E+0	1.000E+0	0.000E+0	0.000E+0	0.000E+0	0.000E+0	0.000E+0	0.000E+0	0.000E+0	3.000E+0	2.000E+0	4.000E+0	3.000E+0	5.000E+0	5.000E+0	7.000E+0	8.000E+0	8.000E+0	6.000E+0	6.000E+0	1.000E+1	9.000E+0	1.100E+1	4.000E+0	7.000E+0	7.000E+0	5.000E+0	5.000E+0	5.000E+0	9.000E+0	6.000E+0	6.000E+0	1.400E+1	8.000E+0	6.000E+0	1.700E+1	9.000E+0	1.000E+1	8.000E+0	1.100E+1	1.300E+1	6.000E+0	6.000E+0	7.000E+0	1.600E+1	5.000E+0	1.100E+1	1.400E+1	1.400E+1	6.000E+0	1.700E+1	7.000E+0	1.400E+1	6.000E+0	1.100E+1	2.100E+1	1.400E+1	1.300E+1	2.000E+1	9.000E+0	8.000E+0	1.900E+1	1.300E+1	1.700E+1	1.700E+1	1.700E+1	1.900E+1	2.100E+1	3.400E+1	2.600E+1	2.800E+1	2.800E+1	2.700E+1	2.100E+1	1.500E+1	3.600E+1	1.900E+1	2.700E+1	3.100E+1	2.400E+1	2.100E+1	2.000E+1	1.600E+1	3.000E+1	2.500E+1	2.500E+1	2.200E+1	3.900E+1	2.900E+1	2.000E+1	2.900E+1	1.400E+1	3.500E+1	5.000E+0	3.000E+0	7.000E+0	7.000E+0	6.000E+0	1.000E+0	7.000E+0	1.000E+0	0.000E+0	0.000E+0	0.000E+0	0.000E+0	0.000E+0	1.000E+0	1.000E+0	0.000E+0	0.000E+0	0.000E+0	0.000E+0	0.000E+0	1.000E+0	0.000E+0	0.000E+0	0.000E+0	0.000E+0	0.000E+0	3.000E+0	4.000E+0	2.600E+1	1.030E+2	4.270E+2	1.993E+3	6.920E+3	1.603E+4	2.691E+4	3.476E+4	3.458E+4	2.703E+4	1.674E+4	7.578E+3	2.651E+3	6.870E+2	1.540E+2	3.000E+1	1.100E+1	2.000E+0	2.000E+0	1.000E+0	0.000E+0	0.000E+0	0.000E+0	0.000E+0	0.000E+0	0.000E+0	0.000E+0	1.000E+0	0.000E+0	0.000E+0	1.000E+0	0.000E+0	0.000E+0	0.000E+0	0.000E+0	0.000E+0	1.000E+0	0.000E+0	0.000E+0	0.000E+0	1.000E+0	0.000E+0	0.000E+0	0.000E+0	0.000E+0	0.000E+0	0.000E+0	0.000E+0
0.000E+0	0.000E+0	0.000E+0	0.000E+0	0.000E+0	0.000E+0	1.000E+0	0.000E+0	0.000E+0	0.000E+0	0.000E+0	0.000E+0	1.000E+0	0.000E+0	0.000E+0	0.000E+0	0.000E+0	0.000E+0	0.000E+0	0.000E+0	0.000E+0	1.000E+0	1.000E+0	0.000E+0	0.000E+0	0.000E+0	1.000E+0	1.000E+0	1.000E+0	1.000E+0	0.000E+0	0.000E+0	0.000E+0	0.000E+0	0.000E+0	1.000E+0	0.000E+0	0.000E+0	0.000E+0	0.000E+0	2.000E+0	4.000E+0	1.200E+1	5.000E+0	6.000E+0	5.000E+0	5.000E+0	3.000E+0	5.000E+0	5.000E+0	6.000E+0	5.000E+0	1.000E+1	6.000E+0	1.800E+1	1.300E+1	1.300E+1	6.000E+0	5.000E+0	7.000E+0	9.000E+0	1.300E+1	5.000E+0	1.100E+1	8.000E+0	1.000E+1	1.300E+1	1.500E+1	6.000E+0	5.000E+0	7.000E+0	1.300E+1	9.000E+0	1.000E+1	8.000E+0	1.300E+1	1.100E+1	1.300E+1	9.000E+0	1.900E+1	1.400E+1	1.200E+1	1.700E+1	1.200E+1	1.700E+1	1.700E+1	6.000E+0	1.300E+1	1.300E+1	1.400E+1	1.200E+1	1.900E+1	1.000E+1	1.600E+1	1.600E+1	1.400E+1	1.300E+1	3.300E+1	2.400E+1	2.600E+1	3.600E+1	2.200E+1	2.800E+1	2.700E+1	2.200E+1	2.800E+1	2.600E+1	4.300E+1	3.200E+1	2.100E+1	3.100E+1	2.700E+1	3.300E+1	2.500E+1	2.100E+1	1.900E+1	2.500E+1	2.400E+1	2.200E+1	1.900E+1	1.000E+1	3.000E+1	2.100E+1	2.200E+1	7.000E+0	2.000E+0	8.000E+0	8.000E+0	3.000E+0	9.000E+0	4.000E+0	0.000E+0	0.000E+0	0.000E+0	0.000E+0	0.000E+0	0.000E+0	0.000E+0	1.000E+0	0.000E+0	1.000E+0	1.000E+0	0.000E+0	0.000E+0	0.000E+0	0.000E+0	1.000E+0	0.000E+0	0.000E+0	1.000E+0	3.000E+0	1.100E+1	3.400E+1	1.000E+2	4.060E+2	2.002E+3	6.815E+3	1.650E+4	2.762E+4	3.533E+4	3.521E+4	2.815E+4	1.713E+4	7.336E+3	2.413E+3	6.560E+2	1.560E+2	3.600E+1	1.100E+1	2.000E+0	0.000E+0	0.000E+0	0.000E+0	0.000E+0	0.000E+0	0.000E+0	0.000E+0	1.000E+0	0.000E+0	0.000E+0	0.000E+0	0.000E+0	1.000E+0	0.000E+0	0.000E+0	0.000E+0	1.000E+0	0.000E+0	0.000E+0	1.000E+0	1.000E+0	1.000E+0	1.000E+0	0.000E+0	0.000E+0	0.000E+0	0.000E+0	0.000E+0	0.000E+0	2.000E+0
0.000E+0	0.000E+0	0.000E+0	0.000E+0	0.000E+0	0.000E+0	0.000E+0	0.000E+0	0.000E+0	0.000E+0	1.000E+0	0.000E+0	0.000E+0	0.000E+0	0.000E+0	0.000E+0	0.000E+0	0.000E+0	0.000E+0	0.000E+0	0.000E+0	1.000E+0	0.000E+0	0.000E+0	0.000E+0	0.000E+0	0.000E+0	0.000E+0	0.000E+0	0.000E+0	0.000E+0	0.000E+0	1.000E+0	0.000E+0	0.000E+0	0.000E+0	0.000E+0	0.000E+0	1.000E+0	0.000E+0	2.000E+0	6.000E+0	5.000E+0	7.000E+0	8.000E+0	5.000E+0	3.000E+0	6.000E+0	9.000E+0	1.000E+1	9.000E+0	1.400E+1	9.000E+0	8.000E+0	5.000E+0	1.100E+1	5.000E+0	6.000E+0	3.000E+0	7.000E+0	9.000E+0	9.000E+0	1.000E+1	6.000E+0	8.000E+0	1.100E+1	8.000E+0	9.000E+0	1.100E+1	1.600E+1	1.100E+1	1.500E+1	1.600E+1	1.300E+1	1.700E+1	1.200E+1	1.100E+1	1.200E+1	1.200E+1	9.000E+0	1.100E+1	1.300E+1	1.200E+1	1.800E+1	1.400E+1	1.400E+1	1.000E+1	1.300E+1	1.100E+1	1.400E+1	9.000E+0	2.800E+1	1.400E+1	1.300E+1	1.400E+1	1.000E+1	2.100E+1	1.700E+1	2.200E+1	3.100E+1	2.800E+1	3.200E+1	2.200E+1	1.800E+1	1.800E+1	2.000E+1	2.500E+1	2.700E+1	2.300E+1	2.300E+1	2.200E+1	1.900E+1	1.300E+1	2.600E+1	2.500E+1	3.600E+1	2.100E+1	2.100E+1	1.900E+1	2.300E+1	2.500E+1	2.900E+1	2.900E+1	3.100E+1	6.000E+0	1.300E+1	6.000E+0	8.000E+0	4.000E+0	9.000E+0	7.000E+0	0.000E+0	0.000E+0	0.000E+0	1.000E+0	1.000E+0	0.000E+0	0.000E+0	0.000E+0	0.000E+0	0.000E+0	0.000E+0	0.000E+0	0.000E+0	1.000E+0	0.000E+0	0.000E+0	0.000E+0	1.000E+0	2.000E+0	2.000E+0	7.000E+0	1.700E+1	7.100E+1	4.490E+2	1.754E+3	6.527E+3	1.600E+4	2.700E+4	3.433E+4	3.363E+4	2.672E+4	1.658E+4	7.882E+3	2.671E+3	7.330E+2	1.780E+2	5.000E+1	8.000E+0	6.000E+0	4.000E+0	1.000E+0	0.000E+0	1.000E+0	0.000E+0	0.000E+0	0.000E+0	0.000E+0	1.000E+0	0.000E+0	0.000E+0	0.000E+0	0.000E+0	0.000E+0	1.000E+0	0.000E+0	1.000E+0	0.000E+0	0.000E+0	0.000E+0	0.000E+0	0.000E+0	0.000E+0	0.000E+0	0.000E+0	2.000E+0	1.000E+0	0.000E+0	0.000E+0	0.000E+0
0.000E+0	0.000E+0	0.000E+0	1.000E+0	1.000E+0	0.000E+0	1.000E+0	0.000E+0	0.000E+0	1.000E+0	0.000E+0	0.000E+0	1.000E+0	0.000E+0	0.000E+0	0.000E+0	0.000E+0	0.000E+0	0.000E+0	1.000E+0	0.000E+0	0.000E+0	1.000E+0	0.000E+0	0.000E+0	0.000E+0	1.000E+0	1.000E+0	0.000E+0	0.000E+0	0.000E+0	1.000E+0	0.000E+0	0.000E+0	0.000E+0	0.000E+0	0.000E+0	1.000E+0	0.000E+0	0.000E+0	2.000E+0	4.000E+0	5.000E+0	3.000E+0	1.000E+0	3.000E+0	4.000E+0	1.000E+0	8.000E+0	1.200E+1	1.000E+1	7.000E+0	6.000E+0	8.000E+0	8.000E+0	6.000E+0	1.000E+1	6.000E+0	8.000E+0	8.000E+0	1.100E+1	6.000E+0	1.000E+1	4.000E+0	1.000E+1	1.300E+1	6.000E+0	1.700E+1	1.100E+1	1.400E+1	1.100E+1	1.200E+1	1.300E+1	1.700E+1	8.000E+0	9.000E+0	2.100E+1	9.000E+0	1.600E+1	1.100E+1	1.400E+1	1.300E+1	1.000E+1	1.400E+1	1.100E+1	1.000E+1	1.000E+1	1.200E+1	1.500E+1	1.900E+1	1.000E+1	1.500E+1	1.300E+1	1.600E+1	1.300E+1	2.500E+1	1.500E+1	2.400E+1	2.000E+1	4.100E+1	2.600E+1	2.600E+1	3.000E+1	1.200E+1	3.400E+1	2.200E+1	2.700E+1	2.300E+1	1.600E+1	1.800E+1	1.800E+1	3.500E+1	3.800E+1	2.200E+1	3.500E+1	2.800E+1	2.200E+1	2.400E+1	2.100E+1	1.900E+1	3.000E+1	2.700E+1	2.900E+1	3.700E+1	1.000E+1	7.000E+0	4.000E+0	1.100E+1	7.000E+0	9.000E+0	1.200E+1	0.000E+0	0.000E+0	0.000E+0	1.000E+0	0.000E+0	1.000E+0	0.000E+0	0.000E+0	1.000E+0	0.000E+0	0.000E+0	0.000E+0	0.000E+0	0.000E+0	0.000E+0	0.000E+0	1.000E+0	0.000E+0	0.000E+0	1.000E+0	4.000E+0	2.600E+1	1.300E+2	5.330E+2	2.098E+3	6.746E+3	1.601E+4	2.738E+4	3.471E+4	3.500E+4	2.789E+4	1.684E+4	7.599E+3	2.836E+3	7.460E+2	1.910E+2	4.100E+1	1.100E+1	6.000E+0	1.000E+0	1.000E+0	0.000E+0	0.000E+0	0.000E+0	0.000E+0	0.000E+0	0.000E+0	0.000E+0	0.000E+0	0.000E+0	0.000E+0	0.000E+0	0.000E+0	1.000E+0	0.000E+0	0.000E+0	0.000E+0	0.000E+0	0.000E+0	0.000E+0	0.000E+0	0.000E+0	0.000E+0	0.000E+0	2.000E+0	0.000E+0	0.000E+0	1.000E+0	0.000E+0
0.000E+0	0.000E+0	0.000E+0	0.000E+0	0.000E+0	0.000E+0	1.000E+0	1.000E+0	0.000E+0	0.000E+0	1.000E+0	1.000E+0	0.000E+0	1.000E+0	0.000E+0	0.000E+0	0.000E+0	0.000E+0	0.000E+0	0.000E+0	1.000E+0	0.000E+0	0.000E+0	0.000E+0	0.000E+0	0.000E+0	0.000E+0	1.000E+0	0.000E+0	0.000E+0	1.000E+0	0.000E+0	0.000E+0	0.000E+0	1.000E+0	0.000E+0	0.000E+0	0.000E+0	0.000E+0	0.000E+0	2.000E+0	4.000E+0	6.000E+0	7.000E+0	4.000E+0	5.000E+0	5.000E+0	7.000E+0	8.000E+0	1.000E+1	3.000E+0	9.000E+0	4.000E+0	7.000E+0	1.100E+1	1.300E+1	9.000E+0	5.000E+0	9.000E+0	9.000E+0	1.100E+1	4.000E+0	1.300E+1	9.000E+0	9.000E+0	1.400E+1	1.100E+1	1.600E+1	1.000E+1	8.000E+0	9.000E+0	1.000E+1	1.000E+1	1.000E+1	1.300E+1	1.000E+1	1.400E+1	2.200E+1	1.200E+1	9.000E+0	1.300E+1	5.000E+0	1.700E+1	1.000E+1	1.700E+1	1.500E+1	1.400E+1	1.300E+1	1.300E+1	1.000E+1	2.100E+1	1.600E+1	2.300E+1	1.200E+1	1.100E+1	1.600E+1	2.800E+1	1.900E+1	3.100E+1	3.000E+1	4.200E+1	2.500E+1	3.300E+1	2.800E+1	2.700E+1	1.900E+1	2.700E+1	1.600E+1	1.900E+1	2.400E+1	2.000E+1	2.600E+1	2.900E+1	2.500E+1	3.300E+1	1.500E+1	2.700E+1	2.100E+1	2.300E+1	2.300E+1	1.900E+1	3.700E+1	2.600E+1	2.000E+1	5.000E+0	2.000E+0	7.000E+0	9.000E+0	8.000E+0	6.000E+0	8.000E+0	1.000E+0	0.000E+0	0.000E+0	0.000E+0	0.000E+0	0.000E+0	2.000E+0	0.000E+0	0.000E+0	0.000E+0	0.000E+0	0.000E+0	0.000E+0	0.000E+0	1.000E+0	0.000E+0	0.000E+0	0.000E+0	0.000E+0	4.000E+0	6.000E+0	2.400E+1	1.020E+2	4.740E+2	2.136E+3	7.029E+3	1.668E+4	2.819E+4	3.598E+4	3.531E+4	2.805E+4	1.763E+4	8.265E+3	2.642E+3	6.580E+2	1.620E+2	3.600E+1	1.400E+1	5.000E+0	2.000E+0	1.000E+0	0.000E+0	0.000E+0	0.000E+0	0.000E+0	0.000E+0	0.000E+0	0.000E+0	0.000E+0	1.000E+0	0.000E+0	0.000E+0	0.000E+0	0.000E+0	0.000E+0	0.000E+0	0.000E+0	0.000E+0	0.000E+0	1.000E+0	0.000E+0	0.000E+0	0.000E+0	0.000E+0	0.000E+0	0.000E+0	0.000E+0	0.000E+0	0.000E+0
