# kx(rad/mu)  kz(rad/mu) 
 24.47000000	  0.55553578
 24.43559511	  0.74000000
 24.39006260	  0.95000000
 24.33780913	  1.16000000
 24.27848129	  1.37000000
 24.26000000	  1.42827934
 24.21171964	  1.58000000
 24.13715709	  1.79000000
 24.05443614	  2.00000000
 24.05000000	  2.01026582
 23.96314182	  2.21000000
 23.86293051	  2.42000000
 23.84000000	  2.46423285
 23.75334430	  2.63000000
 23.63403603	  2.84000000
 23.63000000	  2.84660701
 23.50445315	  3.05000000
 23.42000000	  3.17706821
 23.36423880	  3.26000000
 23.21289868	  3.47000000
 23.21000000	  3.47378230
 23.04979528	  3.68000000
 23.00000000	  3.74027965
 22.87448217	  3.89000000
 22.79000000	  3.98513558
 22.68636431	  4.10000000
 22.58000000	  4.21170884
 22.48480644	  4.31000000
 22.37000000	  4.42273187
 22.26913475	  4.52000000
 22.16000000	  4.62043192
 22.03864090	  4.73000000
 21.95000000	  4.80662708
 21.79258891	  4.94000000
 21.74000000	  4.98280282
 21.53022532	  5.15000000
 21.53000000	  5.15017306
 21.32000000	  5.30862189
 21.25037934	  5.36000000
 21.11000000	  5.46017923
 20.95254926	  5.57000000
 20.90000000	  5.60554922
 20.69000000	  5.74471838
 20.63563156	  5.78000000
 20.48000000	  5.87828831
 20.29877083	  5.99000000
 20.27000000	  6.00730750
 20.06000000	  6.13126903
 19.94079991	  6.20000000
 19.85000000	  6.25126127
 19.64000000	  6.36729971
 19.56107337	  6.41000000
 19.43000000	  6.47965152
 19.22000000	  6.58875131
 19.15864437	  6.62000000
 19.01000000	  6.69458787
 18.80000000	  6.79762179
 18.73270875	  6.83000000
 18.59000000	  6.89785146
 18.38000000	  6.99559046
 18.28267463	  7.04000000
 18.17000000	  7.09094313
 17.96000000	  7.18406443
 17.80822150	  7.25000000
 17.75000000	  7.27512484
 17.54000000	  7.36421882
 17.33000000	  7.45146492
 17.30912470	  7.46000000
 17.12000000	  7.53703209
 16.91000000	  7.62093902
 16.78502675	  7.67000000
 16.70000000	  7.70331724
 16.49000000	  7.78429653
 16.28000000	  7.86380830
 16.23658494	  7.88000000
 16.07000000	  7.94214206
 15.86000000	  8.01919572
 15.66375778	  8.09000000
 15.65000000	  8.09497099
 15.44000000	  8.16982106
 15.23000000	  8.24347031
 15.06630214	  8.30000000
 15.02000000	  8.31603170
 14.81000000	  8.38775313
 14.60000000	  8.45837793
 14.44421519	  8.51000000
 14.39000000	  8.52802556
 14.18000000	  8.59690224
 13.97000000	  8.66475460
 13.79648780	  8.72000000
 13.76000000	  8.73166002
 13.55000000	  8.79786181
 13.34000000	  8.86308351
 13.13000000	  8.92733535
 13.12116924	  8.93000000
 12.92000000	  8.99092478
 12.71000000	  9.05356828
 12.50000000	  9.11525795
 12.41451253	  9.14000000
 12.29000000	  9.17615531
 12.08000000	  9.23620588
 11.87000000	  9.29530201
 11.67245219	  9.35000000
 11.66000000	  9.35345727
 11.45000000	  9.41085444
 11.24000000	  9.46728523
 11.03000000	  9.52274803
 10.88648185	  9.56000000
 10.82000000	  9.57729163
 10.61000000	  9.63096334
 10.40000000	  9.68364713
 10.19000000	  9.73533985
 10.04647140	  9.77000000
  9.98000000	  9.78607300
  9.77000000	  9.83587488
  9.56000000	  9.88466344
  9.35000000	  9.93243520
  9.14000000	  9.97918667
  9.13626780	  9.98000000
  8.93000000	 10.02497460
  8.72000000	 10.06972625
  8.51000000	 10.11343738
  8.30000000	 10.15610506
  8.12900896	 10.19000000
  8.09000000	 10.19773190
  7.88000000	 10.23832827
  7.67000000	 10.27786522
  7.46000000	 10.31634078
  7.25000000	 10.35375313
  7.04000000	 10.39010067
  6.98110735	 10.40000000
  6.83000000	 10.42538166
  6.62000000	 10.45959014
  6.41000000	 10.49272467
  6.20000000	 10.52478471
  5.99000000	 10.55576989
  5.78000000	 10.58568000
  5.60289850	 10.61000000
  5.57000000	 10.61451242
  5.36000000	 10.64225432
  5.15000000	 10.66891840
  4.94000000	 10.69450532
  4.73000000	 10.71901586
  4.52000000	 10.74245090
  4.31000000	 10.76481137
  4.10000000	 10.78609831
  3.89000000	 10.80631279
  3.73986834	 10.82000000
  3.68000000	 10.82544976
  3.47000000	 10.84350114
  3.26000000	 10.86048312
  3.05000000	 10.87639709
  2.84000000	 10.89124447
  2.63000000	 10.90502662
  2.42000000	 10.91774485
  2.21000000	 10.92940043
  2.00000000	 10.93999456
  1.79000000	 10.94952837
  1.58000000	 10.95800290
  1.37000000	 10.96541909
  1.16000000	 10.97177779
  0.95000000	 10.97707974
  0.74000000	 10.98132555
  0.53000000	 10.98451575
  0.32000000	 10.98665070
  0.11000000	 10.98773066
 -0.10000000	 10.98775578
 -0.31000000	 10.98672604
 -0.52000000	 10.98464134
 -0.73000000	 10.98150140
 -0.94000000	 10.97730586
 -1.15000000	 10.97205422
 -1.36000000	 10.96574586
 -1.57000000	 10.95838004
 -1.78000000	 10.94995593
 -1.99000000	 10.94047259
 -2.20000000	 10.92992897
 -2.41000000	 10.91832396
 -2.62000000	 10.90565636
 -2.83000000	 10.89192491
 -3.04000000	 10.87712829
 -3.25000000	 10.86126513
 -3.46000000	 10.84433405
 -3.67000000	 10.82633362
 -3.73976261	 10.82000000
 -3.88000000	 10.80724865
 -4.09000000	 10.78708522
 -4.30000000	 10.76584937
 -4.51000000	 10.74354004
 -4.72000000	 10.72015620
 -4.93000000	 10.69569689
 -5.14000000	 10.67016124
 -5.35000000	 10.64354847
 -5.56000000	 10.61585791
 -5.60278286	 10.61000000
 -5.77000000	 10.58707748
 -5.98000000	 10.55721856
 -6.19000000	 10.52628457
 -6.40000000	 10.49427571
 -6.61000000	 10.46119233
 -6.82000000	 10.42703498
 -6.98117748	 10.40000000
 -7.03000000	 10.39180492
 -7.24000000	 10.35550812
 -7.45000000	 10.31814644
 -7.66000000	 10.27972148
 -7.87000000	 10.24023502
 -8.08000000	 10.19968905
 -8.12894018	 10.19000000
 -8.29000000	 10.15811078
 -8.50000000	 10.11549286
 -8.71000000	 10.07183135
 -8.92000000	 10.02712918
 -9.13000000	  9.98138941
 -9.13624360	  9.98000000
 -9.34000000	  9.93468462
 -9.55000000	  9.88696137
 -9.76000000	  9.83822115
 -9.97000000	  9.78846744
-10.04644255	  9.77000000
-10.18000000	  9.73777663
-10.39000000	  9.68613118
-10.60000000	  9.63349452
-10.81000000	  9.57986979
-10.88645607	  9.56000000
-11.02000000	  9.52536493
-11.23000000	  9.46994828
-11.44000000	  9.41356354
-11.65000000	  9.35621236
-11.67239179	  9.35000000
-11.86000000	  9.29809232
-12.07000000	  9.23904161
-12.28000000	  9.17903653
-12.41452812	  9.14000000
-12.49000000	  9.11817184
-12.70000000	  9.05652747
-12.91000000	  8.99392950
-13.12000000	  8.93037276
-13.12121480	  8.93000000
-13.33000000	  8.86616504
-13.54000000	  8.80098974
-13.75000000	  8.73483488
-13.79645218	  8.72000000
-13.96000000	  8.66796039
-14.17000000	  8.60015639
-14.38000000	  8.53132888
-14.44419056	  8.51000000
-14.59000000	  8.46171406
-14.80000000	  8.39114089
-15.01000000	  8.31947223
-15.06627422	  8.30000000
-15.22000000	  8.24694799
-15.43000000	  8.17335515
-15.64000000	  8.09856298
-15.66371417	  8.09000000
-15.85000000	  8.02283219
-16.06000000	  7.94584134
-16.23661825	  7.88000000
-16.27000000	  7.86755872
-16.48000000	  7.78811572
-16.69000000	  7.70720733
-16.78501939	  7.67000000
-16.90000000	  7.62489383
-17.11000000	  7.54106510
-17.30916769	  7.46000000
-17.32000000	  7.45557437
-17.53000000	  7.36841485
-17.74000000	  7.27941015
-17.80820194	  7.25000000
-17.95000000	  7.18844718
-18.16000000	  7.09542485
-18.28268033	  7.04000000
-18.37000000	  7.00018750
-18.58000000	  6.90255820
-18.73272748	  6.83000000
-18.79000000	  6.80246480
-19.00000000	  6.69955238
-19.15866483	  6.62000000
-19.21000000	  6.59387645
-19.42000000	  6.48491102
-19.56108575	  6.41000000
-19.63000000	  6.37274797
-19.84000000	  6.25685784
-19.94079633	  6.20000000
-20.05000000	  6.13708669
-20.26000000	  6.01328856
-20.29874557	  5.99000000
-20.47000000	  5.88452750
-20.63565010	  5.78000000
-20.68000000	  5.75124472
-20.89000000	  5.61226859
-20.95253454	  5.57000000
-21.10000000	  5.46723297
-21.25039086	  5.36000000
-21.31000000	  5.31604834
-21.52000000	  5.15782688
-21.53019926	  5.15000000
-21.73000000	  4.99088972
-21.79257744	  4.94000000
-21.94000000	  4.81519783
-22.03863832	  4.73000000
-22.15000000	  4.62954424
-22.26913648	  4.52000000
-22.36000000	  4.43245162
-22.48480901	  4.31000000
-22.57000000	  4.22211129
-22.68636525	  4.10000000
-22.78000000	  3.99630696
-22.87447990	  3.89000000
-22.99000000	  3.75231901
-23.04978899	  3.68000000
-23.20000000	  3.48680361
-23.21288821	  3.47000000
-23.36424388	  3.26000000
-23.41000000	  3.19200218
-23.50445187	  3.05000000
-23.62000000	  2.86294946
-23.63402973	  2.84000000
-23.75334553	  2.63000000
-23.83000000	  2.48347112
-23.86292723	  2.42000000
-23.96314255	  2.21000000
-24.04000000	  2.03338028
-24.05443398	  2.00000000
-24.13715689	  1.79000000
-24.21172007	  1.58000000
-24.25000000	  1.45976776
-24.27848128	  1.37000000
-24.33780924	  1.16000000
-24.39006228	  0.95000000
-24.43559404	  0.74000000
-24.46000000	  0.60915658
-24.47476416	  0.53000000
-24.50793097	  0.32000000
-24.53543977	  0.11000000
-24.55764370	 -0.10000000
-24.57489575	 -0.31000000
-24.58754780	 -0.52000000
-24.59594942	 -0.73000000
-24.60044629	 -0.94000000
-24.60137836	 -1.15000000
-24.59907767	 -1.36000000
-24.59386602	 -1.57000000
-24.58605235	 -1.78000000
-24.57593024	 -1.99000000
-24.56377527	 -2.20000000
-24.54984270	 -2.41000000
-24.53436535	 -2.62000000
-24.51755191	 -2.83000000
-24.49958568	 -3.04000000
-24.48062390	 -3.25000000
-24.46079759	 -3.46000000
-24.46000000	 -3.46818340
-24.44018940	 -3.67000000
-24.41889556	 -3.88000000
-24.39697351	 -4.09000000
-24.37445794	 -4.30000000
-24.35136344	 -4.51000000
-24.32768664	 -4.72000000
-24.30340834	 -4.93000000
-24.27849573	 -5.14000000
-24.25290448	 -5.35000000
-24.25000000	 -5.37327254
-24.22653245	 -5.56000000
-24.19935515	 -5.77000000
-24.17131100	 -5.98000000
-24.14232827	 -6.19000000
-24.11233215	 -6.40000000
-24.08124592	 -6.61000000
-24.04899192	 -6.82000000
-24.04000000	 -6.87654572
-24.01542918	 -7.03000000
-23.98051385	 -7.24000000
-23.94419230	 -7.45000000
-23.90638973	 -7.66000000
-23.86703317	 -7.87000000
-23.83000000	 -8.05984291
-23.82604026	 -8.08000000
-23.78323890	 -8.29000000
-23.73866832	 -8.50000000
-23.69226429	 -8.71000000
-23.64396503	 -8.92000000
-23.62000000	 -9.02035675
-23.59362655	 -9.13000000
-23.54118912	 -9.34000000
-23.48667366	 -9.55000000
-23.43002732	 -9.76000000
-23.41000000	 -9.83168501
-23.37106446	 -9.97000000
-23.30978935	-10.18000000
-23.24622365	-10.39000000
-23.20000000	-10.53747772
-23.18024953	-10.60000000
-23.11171268	-10.81000000
-23.04073953	-11.02000000
-22.99000000	-11.16525875
-22.96720077	-11.23000000
-22.89093329	-11.44000000
-22.81209526	-11.65000000
-22.78000000	-11.73297216
-22.73044604	-11.86000000
-22.64600445	-12.07000000
-22.57000000	-12.25327295
-22.55881916	-12.28000000
-22.46856038	-12.49000000
-22.37551967	-12.70000000
-22.36000000	-12.73412932
-22.27930030	-12.91000000
-22.18014473	-13.12000000
-22.15000000	-13.18223130
-22.07775245	-13.33000000
-21.97226944	-13.54000000
-21.94000000	-13.60268378
-21.86343324	-13.75000000
-21.75140811	-13.96000000
-21.73000000	-13.99921504
-21.63584481	-14.17000000
-21.52000000	-14.37482638
-21.51704442	-14.38000000
-21.39447261	-14.59000000
-21.31000000	-14.73127450
-21.26848123	-14.80000000
-21.13878338	-15.01000000
-21.10000000	-15.07146344
-21.00527771	-15.22000000
-20.89000000	-15.39677244
-20.86809665	-15.43000000
-20.72686266	-15.64000000
-20.68000000	-15.70826800
-20.58162740	-15.85000000
-20.47000000	-16.00754271
-20.43241047	-16.06000000
-20.27897879	-16.27000000
-20.26000000	-16.29550321
-20.12111176	-16.48000000
-20.05000000	-16.57267839
-19.95891711	-16.69000000
-19.84000000	-16.84036035
-19.79226517	-16.90000000
-19.63000000	-17.09911305
-19.62101919	-17.11000000
-19.44485932	-17.32000000
-19.42000000	-17.34913869
-19.26377101	-17.53000000
-19.21000000	-17.59121959
-19.07765891	-17.74000000
-19.00000000	-17.82590191
-18.88635771	-17.95000000
-18.79000000	-18.05357822
-18.68969314	-18.16000000
-18.58000000	-18.27461117
-18.48748150	-18.37000000
-18.37000000	-18.48933598
-18.27952915	-18.58000000
-18.16000000	-18.69806281
-18.06563191	-18.79000000
-17.95000000	-18.90107892
-17.84557450	-19.00000000
-17.74000000	-19.09865050
-17.61912995	-19.21000000
-17.53000000	-19.29102450
-17.38605883	-19.42000000
-17.32000000	-19.47843014
-17.14610865	-19.63000000
-17.11000000	-19.66108036
-16.90000000	-19.83916710
-16.89900373	-19.84000000
-16.69000000	-20.01262787
-16.64405277	-20.05000000
-16.48000000	-20.18187403
-16.38128278	-20.26000000
-16.27000000	-20.34706838
-16.11037162	-20.47000000
-16.06000000	-20.50836262
-15.85000000	-20.66580752
-15.83077922	-20.68000000
-15.64000000	-20.81936965
-15.54170058	-20.89000000
-15.43000000	-20.96942845
-15.24326066	-21.10000000
-15.22000000	-21.11610060
-15.01000000	-21.25920260
-14.93418641	-21.31000000
-14.80000000	-21.39903842
-14.61446562	-21.52000000
-14.59000000	-21.53580058
-14.38000000	-21.66925375
-14.28270418	-21.73000000
-14.17000000	-21.79972967
-13.96000000	-21.92733053
-13.93879796	-21.94000000
-13.75000000	-22.05183675
-13.58110664	-22.15000000
-13.54000000	-22.17368987
-13.33000000	-22.29263331
-13.20879036	-22.36000000
-13.12000000	-22.40894790
-12.91000000	-22.52259127
-12.82073153	-22.57000000
-12.70000000	-22.63361839
-12.49000000	-22.74214607
-12.41534641	-22.78000000
-12.28000000	-22.84811549
-12.07000000	-22.95169951
-11.99081701	-22.99000000
-11.86000000	-23.05282152
-11.65000000	-23.15162232
-11.54504879	-23.20000000
-11.44000000	-23.24808940
-11.23000000	-23.34225654
-11.07561887	-23.41000000
-11.02000000	-23.43424491
-10.81000000	-23.52391779
-10.60000000	-23.61155743
-10.57934178	-23.62000000
-10.39000000	-23.69689727
-10.18000000	-23.78022070
-10.05162718	-23.83000000
 -9.97000000	-23.86146363
 -9.76000000	-23.94058870
 -9.55000000	-24.01778915
 -9.48814925	-24.04000000
 -9.34000000	-24.09290110
 -9.13000000	-24.16605411
 -8.92000000	-24.23733784
 -8.88176667	-24.25000000
 -8.71000000	-24.30658365
 -8.50000000	-24.37395675
 -8.29000000	-24.43951110
 -8.22259415	-24.46000000
 -8.08000000	-24.50312654
 -7.87000000	-24.56489394
 -7.66000000	-24.62488852
 -7.49738460	-24.67000000
 -7.45000000	-24.68308321
 -7.24000000	-24.73940233
 -7.03000000	-24.79399017
 -6.82000000	-24.84685706
 -6.68402035	-24.88000000
 -6.61000000	-24.89796284
 -6.40000000	-24.94728147
 -6.19000000	-24.99491543
 -5.98000000	-25.04087369
 -5.77000000	-25.08516496
 -5.74621125	-25.09000000
 -5.56000000	-25.12769796
 -5.35000000	-25.16857371
 -5.14000000	-25.20781268
 -4.93000000	-25.24542224
 -4.72000000	-25.28140949
 -4.60647333	-25.30000000
 -4.51000000	-25.31574162
 -4.30000000	-25.34842292
 -4.09000000	-25.37950643
 -3.88000000	-25.40899793
 -3.67000000	-25.43690293
 -3.46000000	-25.46322666
 -3.25000000	-25.48797406
 -3.05042569	-25.51000000
 -3.04000000	-25.51114707
 -2.83000000	-25.53270433
 -2.62000000	-25.55270250
 -2.41000000	-25.57114528
 -2.20000000	-25.58803609
 -1.99000000	-25.60337807
 -1.78000000	-25.61717406
 -1.57000000	-25.62942664
 -1.36000000	-25.64013809
 -1.15000000	-25.64931041
 -0.94000000	-25.65694531
 -0.73000000	-25.66304422
 -0.52000000	-25.66760829
 -0.31000000	-25.67063836
 -0.10000000	-25.67213500
  0.11000000	-25.67209850
  0.32000000	-25.67052884
  0.53000000	-25.66742574
  0.74000000	-25.66278861
  0.95000000	-25.65661658
  1.16000000	-25.64890851
  1.37000000	-25.63966294
  1.58000000	-25.62887815
  1.79000000	-25.61655213
  2.00000000	-25.60268258
  2.21000000	-25.58726691
  2.42000000	-25.57030227
  2.63000000	-25.55178550
  2.84000000	-25.53171317
  3.05000000	-25.51008157
  3.05073907	-25.51000000
  3.26000000	-25.48683129
  3.47000000	-25.46200893
  3.68000000	-25.43561002
  3.89000000	-25.40762959
  4.10000000	-25.37806241
  4.31000000	-25.34690295
  4.52000000	-25.31414541
  4.60650220	-25.30000000
  4.73000000	-25.27973249
  4.94000000	-25.24366815
  5.15000000	-25.20598116
  5.36000000	-25.16666442
  5.57000000	-25.12571054
  5.74608026	-25.09000000
  5.78000000	-25.08309352
  5.99000000	-25.03872307
  6.20000000	-24.99268521
  6.41000000	-24.94497123
  6.62000000	-24.89557216
  6.68407211	-24.88000000
  6.83000000	-24.84437846
  7.04000000	-24.79142985
  7.25000000	-24.73675981
  7.46000000	-24.68035799
  7.49746388	-24.67000000
  7.67000000	-24.62207167
  7.88000000	-24.56199293
  8.09000000	-24.50014082
  8.22255648	-24.46000000
  8.30000000	-24.43643052
  8.51000000	-24.37078985
  8.72000000	-24.30332983
  8.88170092	-24.25000000
  8.93000000	-24.23398556
  9.14000000	-24.16261313
  9.35000000	-24.08937076
  9.48811175	-24.04000000
  9.56000000	-24.01415636
  9.77000000	-23.93686461
  9.98000000	-23.85764750
 10.05165318	-23.83000000
 10.19000000	-23.77629769
 10.40000000	-23.69288010
 10.57927282	-23.62000000
 10.61000000	-23.60742996
 10.82000000	-23.51969390
 11.03000000	-23.42992376
 11.07566306	-23.41000000
 11.24000000	-23.33781981
 11.45000000	-23.24355293
 11.54505270	-23.20000000
 11.66000000	-23.14696619
 11.87000000	-23.04806302
 11.99080167	-22.99000000
 12.08000000	-22.94681694
 12.29000000	-22.84312774
 12.41532854	-22.78000000
 12.50000000	-22.73702951
 12.71000000	-22.62839367
 12.82072433	-22.57000000
 12.92000000	-22.51723260
 13.13000000	-22.40347791
 13.20880420	-22.36000000
 13.34000000	-22.28702386
 13.55000000	-22.16796572
 13.58114957	-22.15000000
 13.76000000	-22.04596721
 13.93875011	-21.94000000
 13.97000000	-21.92131173
 14.18000000	-21.79359005
 14.28270267	-21.73000000
 14.39000000	-21.66295815
 14.60000000	-21.52938020
 14.61451352	-21.52000000
 14.81000000	-21.39245481
 14.93417326	-21.31000000
 15.02000000	-21.25245095
 15.23000000	-21.10921696
 15.24330625	-21.10000000
 15.44000000	-20.96236856
 15.54169978	-20.89000000
 15.65000000	-20.81212803
 15.83073877	-20.68000000
 15.86000000	-20.65837836
 16.07000000	-20.50078992
 16.11040040	-20.47000000
 16.28000000	-20.33929832
 16.38128224	-20.26000000
 16.49000000	-20.17389995
 16.64402797	-20.05000000
 16.70000000	-20.00444273
 16.89895927	-19.84000000
 16.91000000	-19.83076344
 17.12000000	-19.65251538
 17.14614061	-19.63000000
 17.33000000	-19.46963419
 17.38607743	-19.42000000
 17.54000000	-19.28198900
 17.61913861	-19.21000000
 17.75000000	-19.08936635
 17.84557635	-19.00000000
 17.96000000	-18.89153644
 18.06562976	-18.79000000
 18.17000000	-18.68825176
 18.27952556	-18.58000000
 18.38000000	-18.47924545
 18.48747877	-18.37000000
 18.59000000	-18.26422960
 18.68969332	-18.16000000
 18.80000000	-18.04289328
 18.88636265	-17.95000000
 19.01000000	-17.81490048
 19.07767026	-17.74000000
 19.22000000	-17.57988772
 19.26379022	-17.53000000
 19.43000000	-17.33746146
 19.44488766	-17.32000000
 19.62098923	-17.11000000
 19.64000000	-17.08693952
 19.79224842	-16.90000000
 19.85000000	-16.82779946
 19.95891438	-16.69000000
 20.06000000	-16.55971125
 20.12112371	-16.48000000
 20.27000000	-16.28210959
 20.27900597	-16.27000000
 20.43239207	-16.06000000
 20.48000000	-15.99351933
 20.58162699	-15.85000000
 20.69000000	-15.69376010
 20.72688043	-15.64000000
 20.86807498	-15.43000000
 20.90000000	-15.38153837
 21.00527634	-15.22000000
 21.11000000	-15.05567443
 21.13880221	-15.01000000
 21.26846601	-14.80000000
 21.32000000	-14.71464108
 21.39447916	-14.59000000
 21.51702003	-14.38000000
 21.53000000	-14.35726425
 21.63584344	-14.17000000
 21.74000000	-13.98094957
 21.75142926	-13.96000000
 21.86342778	-13.75000000
 21.95000000	-13.58332194
 21.97228730	-13.54000000
 22.07774621	-13.33000000
 22.16000000	-13.16165146
 22.18016237	-13.12000000
 22.27929616	-12.91000000
 22.37000000	-12.71219069
 22.37553970	-12.70000000
 22.46856074	-12.49000000
 22.55880084	-12.28000000
 22.58000000	-12.22928866
 22.64601132	-12.07000000
 22.73043609	-11.86000000
 22.79000000	-11.70720065
 22.81211029	-11.65000000
 22.89093317	-11.44000000
 22.96718633	-11.23000000
 23.00000000	-11.13675011
 23.04075035	-11.02000000
 23.11171062	-10.81000000
 23.18023536	-10.60000000
 23.21000000	-10.50570046
 23.24623463	-10.39000000
 23.30978943	-10.18000000
 23.37105432	 -9.97000000
 23.42000000	 -9.79597443
 23.43004188	 -9.76000000
 23.48667901	 -9.55000000
 23.54118585	 -9.34000000
 23.59361522	 -9.13000000
 23.63000000	 -8.97859044
 23.64397790	 -8.92000000
 23.69226988	 -8.71000000
 23.73866712	 -8.50000000
 23.78323138	 -8.29000000
 23.82602688	 -8.08000000
 23.84000000	 -8.00878836
 23.86704301	 -7.87000000
 23.90639421	 -7.66000000
 23.94419181	 -7.45000000
 23.98050876	 -7.24000000
 24.01541987	 -7.03000000
 24.04900142	 -6.82000000
 24.05000000	 -6.81354137
 24.08125391	 -6.61000000
 24.11233644	 -6.40000000
 24.14232916	 -6.19000000
 24.17130878	 -5.98000000
 24.19935011	 -5.77000000
 24.22652489	 -5.56000000
 24.25290044	 -5.35000000
 24.26000000	 -5.29206286
 24.27850303	 -5.14000000
 24.30341319	 -4.93000000
 24.32768928	 -4.72000000
 24.35136413	 -4.51000000
 24.37445695	 -4.30000000
 24.39697111	 -4.09000000
 24.41889202	 -3.88000000
 24.44018502	 -3.67000000
 24.46079347	 -3.46000000
 24.47000000	 -3.36289266
 24.48062766	 -3.25000000
 24.49958822	 -3.04000000
 24.51755349	 -2.83000000
 24.53436622	 -2.62000000
 24.54984308	 -2.41000000
 24.56377536	 -2.20000000
 24.57593021	 -1.99000000
 24.58605234	 -1.78000000
 24.59386611	 -1.57000000
 24.59907791	 -1.36000000
 24.60137873	 -1.15000000
 24.60044675	 -0.94000000
 24.59594988	 -0.73000000
 24.58754815	 -0.52000000
 24.57489585	 -0.31000000
 24.55764344	 -0.10000000
 24.53543905	  0.11000000
 24.50792976	  0.32000000
 24.47476251	  0.53000000
 24.47000000	  0.55553578
