#linked controls - field - Control Voltage Kepco - Plot 0	TFPDAS4-Project - COUNTS ACC - Plot 0	linked controls - field - Control Voltage Kepco - Plot 1	TFPDAS4-Project - COUNTS ACC - Plot 1	linked controls - field - Control Voltage Kepco - Plot 2	TFPDAS4-Project - COUNTS ACC - Plot 2	
		-15	210	-15	429	
		-14.9	238	-14.9	425	
		-14.8	159	-14.8	305	
		-14.7	180	-14.7	352	
		-14.6	237	-14.6	330	
		-14.5	195	-14.5	314	
		-14.4	188	-14.4	329	
		-14.3	211	-14.3	351	
		-14.2	186	-14.2	313	
		-14.1	200	-14.1	329	
		-14	197	-14	378	
		-13.9	229	-13.9	317	
		-13.8	219	-13.8	320	
		-13.7	213	-13.7	333	
		-13.6	221	-13.6	307	
		-13.5	224	-13.5	293	
		-13.4	220	-13.4	310	
		-13.3	251	-13.3	303	
		-13.2	234	-13.2	324	
		-13.1	230	-13.1	309	
		-13	229	-13	291	
		-12.9	224	-12.9	307	
		-12.8	241	-12.8	287	
		-12.7	219	-12.7	260	
		-12.6	207	-12.6	263	
		-12.5	243	-12.5	277	
		-12.4	249	-12.4	251	
		-12.3	234	-12.3	267	
		-12.2	253	-12.2	218	
		-12.1	246	-12.1	259	
		-12	246	-12	264	
		-11.9	228	-11.9	245	
		-11.8	239	-11.8	277	
		-11.7	231	-11.7	256	
		-11.6	244	-11.6	278	
		-11.5	225	-11.5	306	
		-11.4	227	-11.4	268	
		-11.3	232	-11.3	247	
		-11.2	231	-11.2	292	
		-11.1	233	-11.1	280	
		-11	235	-11	284	
		-10.9	257	-10.9	291	
		-10.8	253	-10.8	262	
		-10.7	221	-10.7	292	
		-10.6	219	-10.6	280	
		-10.5	228	-10.5	288	
		-10.4	252	-10.4	291	
		-10.3	241	-10.3	296	
		-10.2	212	-10.2	257	
		-10.1	225	-10.1	311	
		-10	225	-10	343	
		-9.9	233	-9.9	321	
		-9.8	215	-9.8	340	
		-9.7	245	-9.7	358	
		-9.6	230	-9.6	311	
		-9.5	245	-9.5	341	
		-9.4	251	-9.4	338	
		-9.3	251	-9.3	360	
		-9.2	247	-9.2	371	
		-9.1	236	-9.1	318	
		-9	222	-9	338	
		-8.9	269	-8.9	438	
		-8.8	251	-8.8	347	
		-8.7	221	-8.7	372	
		-8.6	253	-8.6	406	
		-8.5	265	-8.5	410	
		-8.4	254	-8.4	406	
		-8.3	214	-8.3	432	
		-8.2	259	-8.2	397	
		-8.1	253	-8.1	424	
		-8	265	-8	417	
		-7.9	241	-7.9	401	
		-7.8	263	-7.8	404	
		-7.7	279	-7.7	404	
		-7.6	239	-7.6	431	
		-7.5	264	-7.5	466	
		-7.4	257	-7.4	370	
		-7.3	253	-7.3	412	
		-7.2	262	-7.2	441	
		-7.1	267	-7.1	491	
		-7	268	-7	459	
		-6.9	264	-6.9	505	
		-6.8	273	-6.8	471	
		-6.7	302	-6.7	495	
		-6.6	281	-6.6	493	
		-6.5	291	-6.5	522	
		-6.4	291	-6.4	537	
		-6.3	258	-6.3	506	
		-6.2	362	-6.2	551	
		-6.1	371	-6.1	557	
		-6	371	-6	532	
		-5.9	365	-5.9	509	
		-5.8	393	-5.8	499	
		-5.7	406	-5.7	526	
		-5.6	385	-5.6	518	
		-5.5	375	-5.5	448	
		-5.4	334	-5.4	440	
		-5.3	351	-5.3	504	
		-5.2	351	-5.2	531	
		-5.1	331	-5.1	507	
		-5	369	-5	502	
		-4.9	377	-4.9	511	
		-4.8	319	-4.8	623	
		-4.7	327	-4.7	630	
		-4.6	316	-4.6	656	
		-4.5	315	-4.5	615	
		-4.4	333	-4.4	649	
		-4.3	313	-4.3	674	
		-4.2	308	-4.2	589	
		-4.1	304	-4.1	608	
		-4	283	-4	541	
		-3.9	317	-3.9	564	
		-3.8	302	-3.8	583	
		-3.7	336	-3.7	566	
		-3.6	291	-3.6	598	
		-3.5	307	-3.5	602	
		-3.4	321	-3.4	599	
		-3.3	345	-3.3	622	
		-3.2	316	-3.2	576	
		-3.1	348	-3.1	536	
		-3	359	-3	508	
		-2.9	363	-2.9	557	
		-2.8	357	-2.8	510	
		-2.7	338	-2.7	520	
		-2.6	378	-2.6	526	
		-2.5	342	-2.5	486	
		-2.4	376	-2.4	537	
		-2.3	359	-2.3	518	
		-2.2	366	-2.2	520	
		-2.1	372	-2.1	541	
		-2	347	-2	499	
		-1.9	361	-1.9	529	
		-1.8	362	-1.8	454	
		-1.7	348	-1.7	483	
		-1.6	350	-1.6	565	
		-1.5	386	-1.5	522	
		-1.4	369	-1.4	514	
		-1.3	342	-1.3	531	
		-1.2	378	-1.2	486	
		-1.1	348	-1.1	497	
		-1	376	-1	548	
		-0.9	409	-0.9	528	
		-0.8	332	-0.8	551	
		-0.7	357	-0.7	497	
		-0.6	372	-0.6	540	
		-0.5	351	-0.5	541	
		-0.4	345	-0.4	511	
		-0.3	370	-0.3	549	
		-0.2	417	-0.2	561	
		-0.1	380	-0.1	562	
		0	420	0	569	
		0.1	408	0.1	566	
		0.2	445	0.2	528	
		0.3	393	0.3	491	
		0.4	387	0.4	513	
		0.5	423	0.5	450	
		0.6	373	0.6	440	
		0.7	380	0.7	474	
		0.8	417	0.8	468	
		0.9	381	0.9	459	
		1	388	1	457	
		1.1	377	1.1	461	
		1.2	427	1.2	495	
		1.3	426	1.3	497	
		1.4	395	1.4	466	
		1.5	427	1.5	491	
		1.6	401	1.6	451	
		1.7	408	1.7	463	
		1.8	400	1.8	440	
		1.9	436	1.9	454	
		2	382	2	452	
		2.1	430	2.1	485	
		2.2	460	2.2	503	
		2.3	420	2.3	490	
		2.4	423	2.4	560	
		2.5	445	2.5	637	
		2.6	388	2.6	623	
		2.7	397	2.7	641	
		2.8	472	2.8	683	
		2.9	347	2.9	594	
		3	397	3	628	
		3.1	402	3.1	608	
		3.2	438	3.2	619	
		3.3	460	3.3	640	
		3.4	478	3.4	412	
		3.5	408	3.5	286	
		3.6	480	3.6	305	
		3.7	445	3.7	271	
		3.8	386	3.8	296	
		3.9	452	3.9	284	
		4	487	4	356	
		4.1	457	4.1	349	
		4.2	499	4.2	307	
		4.3	467	4.3	333	
		4.4	504	4.4	347	
		4.5	428	4.5	383	
		4.6	486	4.6	340	
		4.7	523	4.7	331	
		4.8	493	4.8	341	
		4.9	473	4.9	367	
		5	465	5	305	
		5.1	508	5.1	297	
		5.2	754	5.2	318	
		5.3	849	5.3	292	
		5.4	835	5.4	264	
		5.5	838	5.5	259	
		5.6	849	5.6	278	
		5.7	770	5.7	317	
		5.8	857	5.8	306	
		5.9	795	5.9	272	
		6	788	6	289	
		6.1	852	6.1	274	
		6.2	1080	6.2	261	
		6.3	993	6.3	258	
		6.4	974	6.4	256	
		6.5	990	6.5	245	
		6.6	924	6.6	233	
		6.7	869	6.7	243	
		6.8	920	6.8	244	
		6.9	929	6.9	225	
		7	1081	7	241	
		7.1	987	7.1	236	
		7.2	842	7.2	267	
		7.3	768	7.3	241	
		7.4	802	7.4	219	
		7.5	792	7.5	234	
		7.6	902	7.6	227	
		7.7	890	7.7	204	
		7.8	983	7.8	239	
		7.9	986	7.9	223	
		8	1013	8	232	
		8.1	973	8.1	196	
		8.2	821	8.2	217	
		8.3	1007	8.3	238	
		8.4	993	8.4	257	
		8.5	835	8.5	208	
		8.6	895	8.6	202	
		8.7	915	8.7	213	
		8.8	978	8.8	213	
		8.9	983	8.9	262	
		9	963	9	229	
		9.1	1089	9.1	311	
		9.2	1034	9.2	266	
		9.3	1060	9.3	271	
		9.4	1020	9.4	309	
		9.5	1066	9.5	292	
		9.6	1127	9.6	332	
		9.7	1070	9.7	317	
		9.8	1151	9.8	350	
		9.9	1089	9.9	362	
		10	1072	10	341	
		10.1	991	10.1	309	
		10.2	938	10.2	325	
		10.3	958	10.3	341	
		10.4	864	10.4	304	
		10.5	869	10.5	289	
		10.6	883	10.6	278	
		10.7	955	10.7	320	
		10.8	894	10.8	311	
		10.9	919	10.9	290	
		11	869	11	308	
		11.1	940	11.1	339	
		11.2	996	11.2	351	
		11.3	956	11.3	339	
		11.4	888	11.4	359	
		11.5	902	11.5	341	
		11.6	1000	11.6	332	
		11.7	985	11.7	377	
		11.8	901	11.8	351	
		11.9	1012	11.9	342	
		12	914	12	344	
		12.1	1002	12.1	370	
		12.2	980	12.2	376	
		12.3	1045	12.3	369	
		12.4	1036	12.4	405	
		12.5	1137	12.5	419	
		12.6	1108	12.6	412	
		12.7	1155	12.7	377	
		12.8	1143	12.8	431	
		12.9	1218	12.9	447	
		13	1184	13	390	
		13.1	1246	13.1	393	
		13.2	1156	13.2	390	
		13.3	1205	13.3	462	
		13.4	1193	13.4	417	
		13.5	1173	13.5	424	
		13.6	1118	13.6	453	
		13.7	1089	13.7	444	
		13.8	1463	13.8	519	
		13.9	1286	13.9	498	
		14	1306	14	492	
		14.1	1222	14.1	461	
		14.2	1275	14.2	507	
		14.3	1378	14.3	497	
		14.4	1295	14.4	507	
		14.5	1421	14.5	584	
		14.6	1317	14.6	586	
		14.7	1470	14.7	545	
		14.8	1454	14.8	603	
		14.9	1429	14.9	700	
		15	1598	15	714	
